5000
0
4
6
6
7
7
10
11
11
13
13
13
14
15
17
17
18
18
19
22
23
25
26
28
32
33
34
35
35
37
37
37
37
38
39
39
42
46
46
46
48
49
49
51
52
52
52
52
53
55
55
57
57
57
57
59
59
59
62
63
63
66
66
68
68
69
70
70
71
71
72
73
74
75
76
77
77
78
85
87
87
88
88
89
90
90
91
92
93
95
95
101
101
102
102
103
103
106
107
111
112
114
114
116
119
121
121
121
122
122
124
124
125
125
125
127
130
130
131
133
135
136
138
140
143
145
145
145
145
147
148
149
149
149
150
151
151
154
154
156
158
160
161
161
161
163
167
167
168
169
169
170
171
171
172
174
175
176
177
177
178
178
178
180
181
181
182
182
182
182
183
183
183
183
184
186
186
187
188
190
190
191
192
193
193
193
195
195
197
199
199
204
205
205
207
208
208
209
210
210
210
211
212
212
213
214
217
218
218
218
219
220
220
221
222
223
224
224
224
227
228
229
230
230
230
230
232
232
232
233
233
235
235
238
239
240
240
243
243
245
245
248
249
250
253
260
261
262
263
264
265
265
267
269
269
270
270
272
273
275
275
275
276
278
279
281
281
282
283
285
285
291
292
294
295
297
297
298
303
304
305
305
306
308
314
315
317
321
324
326
327
327
327
329
330
331
332
334
336
338
340
344
344
346
346
348
348
348
349
349
349
349
351
351
352
352
353
355
356
356
357
357
359
360
361
362
362
363
365
365
366
368
368
369
370
372
372
372
374
374
374
375
375
375
376
376
376
377
378
378
379
379
380
380
380
381
382
383
384
384
386
389
389
389
391
391
395
397
399
399
402
402
402
403
404
407
407
407
408
412
414
416
418
418
419
421
421
421
422
422
422
423
423
424
425
425
425
427
428
431
431
431
432
433
433
434
434
438
438
439
439
442
444
444
444
446
446
446
447
448
450
451
451
451
452
455
456
456
457
457
459
459
459
459
460
461
462
464
464
465
466
467
469
471
472
472
475
476
476
476
476
478
479
480
483
483
484
484
484
485
485
486
487
487
488
488
488
488
488
489
490
491
493
495
495
495
495
496
496
496
498
498
499
500
502
502
502
503
503
504
504
505
506
506
506
507
508
509
510
510
511
511
512
512
512
513
515
515
516
516
518
518
518
518
520
520
521
521
522
523
523
524
527
528
529
530
531
531
531
533
533
536
538
538
539
545
546
546
547
549
551
551
551
551
551
552
552
553
554
555
556
557
560
561
561
561
562
564
564
565
565
566
567
569
569
569
570
570
570
572
574
575
575
577
577
577
578
580
580
582
583
583
586
586
586
587
587
588
589
592
593
593
596
596
598
598
600
603
603
605
606
606
608
611
611
615
615
616
616
617
620
621
622
622
622
623
625
625
626
627
631
631
632
633
634
635
637
637
638
639
639
640
641
642
642
643
644
645
645
645
646
646
647
648
648
650
651
652
654
655
657
657
658
658
659
661
663
664
665
667
669
669
669
670
670
670
673
674
676
677
680
682
683
685
686
686
687
690
692
692
693
694
694
695
696
697
697
698
701
701
702
702
705
705
706
706
706
706
708
709
714
715
715
717
718
721
722
723
724
724
724
726
726
726
727
728
731
733
733
734
734
735
735
736
737
738
739
739
740
741
743
745
745
745
745
750
751
751
751
751
752
754
755
756
756
757
757
757
757
758
760
764
765
765
766
767
768
768
768
769
770
772
773
774
776
777
777
779
780
782
782
782
783
784
785
788
789
790
790
791
791
792
794
796
798
798
799
803
804
807
807
808
812
814
818
818
818
818
819
820
824
824
825
826
826
829
830
830
831
832
833
833
834
835
837
837
838
838
839
840
841
841
841
841
842
843
844
845
845
845
846
849
850
851
851
851
852
852
853
855
855
856
859
859
860
861
861
862
865
868
870
872
874
875
876
879
879
881
883
883
884
886
888
889
890
890
890
891
894
895
896
896
897
899
899
901
902
902
904
906
909
910
913
914
915
915
915
915
916
916
917
920
921
921
922
922
924
925
925
927
929
929
929
930
930
934
934
935
936
940
943
944
945
945
945
946
946
946
947
948
948
949
949
951
951
953
954
956
957
958
960
960
960
960
961
961
961
962
965
966
967
967
967
969
969
969
970
974
978
978
980
980
983
983
983
984
989
989
990
991
993
993
993
993
994
994
994
994
995
997
997
998
998
1000
1000
1001
1002
1002
1005
1005
1006
1007
1007
1008
1009
1009
1011
1012
1012
1012
1012
1013
1016
1017
1017
1019
1020
1021
1022
1023
1024
1024
1027
1027
1028
1029
1029
1031
1032
1032
1034
1034
1034
1035
1035
1035
1038
1039
1040
1040
1042
1044
1045
1046
1048
1051
1051
1051
1051
1053
1054
1054
1055
1055
1056
1057
1057
1057
1057
1058
1058
1060
1061
1061
1062
1063
1064
1064
1066
1067
1068
1069
1069
1070
1070
1070
1071
1072
1072
1072
1074
1074
1077
1077
1077
1078
1081
1082
1085
1086
1086
1087
1087
1089
1089
1091
1094
1096
1100
1103
1104
1104
1106
1108
1108
1109
1110
1110
1112
1112
1113
1114
1114
1116
1116
1117
1118
1118
1118
1119
1119
1120
1120
1120
1121
1123
1123
1124
1124
1125
1126
1126
1126
1126
1126
1129
1130
1130
1130
1132
1133
1134
1135
1136
1138
1139
1142
1142
1144
1147
1148
1148
1150
1151
1152
1153
1154
1155
1156
1156
1158
1160
1164
1165
1166
1167
1168
1169
1170
1170
1173
1173
1173
1174
1174
1174
1175
1175
1175
1176
1177
1178
1179
1180
1181
1181
1184
1185
1185
1185
1186
1186
1189
1189
1189
1191
1194
1196
1199
1200
1200
1200
1201
1202
1202
1203
1206
1207
1208
1210
1211
1212
1212
1213
1215
1215
1217
1218
1218
1218
1221
1222
1223
1224
1227
1228
1228
1229
1229
1233
1233
1233
1235
1235
1237
1237
1238
1240
1240
1242
1243
1243
1244
1245
1247
1247
1247
1248
1250
1250
1250
1251
1252
1252
1253
1255
1256
1256
1259
1259
1259
1259
1259
1260
1260
1262
1262
1263
1263
1263
1264
1266
1266
1266
1269
1270
1270
1271
1272
1273
1275
1282
1283
1283
1285
1285
1285
1287
1287
1288
1289
1290
1290
1291
1294
1294
1294
1295
1297
1299
1299
1302
1304
1305
1305
1306
1308
1308
1310
1313
1313
1316
1317
1318
1319
1320
1322
1323
1323
1327
1329
1329
1330
1330
1336
1338
1339
1339
1340
1341
1341
1342
1342
1345
1347
1350
1350
1351
1351
1352
1352
1355
1356
1356
1359
1360
1360
1361
1362
1364
1364
1367
1369
1369
1370
1375
1375
1376
1377
1378
1378
1379
1379
1382
1382
1384
1385
1385
1386
1388
1388
1389
1390
1390
1391
1391
1391
1393
1393
1394
1395
1395
1401
1401
1401
1401
1402
1405
1405
1405
1406
1406
1408
1409
1409
1410
1410
1411
1412
1413
1413
1413
1416
1417
1417
1418
1420
1423
1424
1425
1428
1430
1432
1434
1434
1436
1436
1437
1438
1439
1440
1441
1441
1442
1442
1443
1443
1443
1444
1444
1445
1445
1446
1447
1448
1449
1449
1450
1451
1454
1454
1454
1457
1458
1460
1460
1461
1461
1462
1463
1464
1465
1466
1466
1467
1467
1468
1468
1468
1471
1473
1473
1476
1477
1477
1477
1477
1478
1479
1479
1480
1480
1481
1482
1482
1482
1482
1482
1484
1484
1484
1485
1486
1487
1488
1488
1489
1489
1489
1489
1490
1491
1491
1491
1495
1495
1497
1499
1499
1502
1503
1503
1503
1503
1503
1504
1504
1504
1506
1507
1508
1509
1510
1510
1510
1510
1511
1511
1511
1512
1512
1513
1514
1515
1515
1517
1517
1518
1518
1520
1520
1521
1521
1524
1526
1527
1528
1528
1529
1529
1532
1532
1532
1534
1534
1534
1535
1536
1537
1538
1539
1540
1541
1543
1543
1544
1545
1546
1546
1547
1548
1548
1548
1548
1550
1551
1559
1560
1561
1563
1563
1564
1564
1564
1565
1566
1569
1570
1570
1571
1572
1574
1575
1575
1575
1576
1576
1576
1576
1577
1577
1577
1582
1582
1582
1583
1585
1586
1587
1587
1588
1590
1591
1591
1592
1593
1594
1595
1596
1596
1596
1596
1597
1597
1598
1598
1598
1598
1598
1599
1601
1601
1603
1604
1604
1606
1607
1609
1611
1611
1612
1614
1614
1614
1616
1616
1617
1618
1618
1619
1620
1621
1622
1625
1627
1628
1629
1630
1632
1632
1636
1636
1637
1638
1638
1640
1641
1642
1644
1644
1644
1645
1646
1647
1648
1650
1651
1652
1652
1655
1655
1656
1659
1661
1661
1662
1663
1663
1663
1663
1664
1665
1665
1665
1667
1668
1669
1671
1671
1672
1672
1674
1675
1676
1676
1677
1677
1681
1682
1683
1683
1684
1684
1684
1684
1685
1685
1687
1688
1691
1693
1693
1694
1694
1694
1696
1697
1697
1698
1698
1699
1700
1700
1701
1702
1703
1705
1705
1706
1707
1707
1710
1710
1711
1712
1713
1714
1716
1717
1717
1718
1718
1719
1722
1726
1731
1731
1732
1732
1732
1737
1737
1738
1738
1743
1743
1744
1745
1745
1745
1746
1747
1747
1752
1753
1753
1754
1756
1759
1764
1766
1768
1769
1769
1770
1770
1770
1770
1773
1773
1773
1774
1779
1779
1781
1782
1782
1783
1784
1784
1786
1786
1786
1787
1788
1788
1788
1789
1790
1791
1791
1791
1792
1792
1792
1794
1794
1796
1798
1798
1799
1800
1802
1805
1805
1806
1808
1811
1811
1814
1814
1814
1814
1815
1816
1818
1818
1819
1821
1821
1822
1822
1822
1824
1826
1828
1829
1830
1830
1831
1832
1832
1833
1834
1834
1835
1836
1838
1839
1839
1841
1842
1842
1844
1848
1848
1850
1850
1852
1853
1854
1856
1857
1858
1859
1859
1860
1861
1862
1862
1863
1865
1866
1866
1868
1869
1869
1869
1870
1872
1873
1874
1875
1878
1881
1882
1883
1883
1883
1883
1884
1884
1884
1885
1885
1886
1887
1887
1888
1889
1889
1890
1893
1894
1895
1895
1896
1903
1903
1904
1905
1906
1910
1912
1912
1915
1916
1918
1918
1919
1919
1919
1919
1920
1921
1922
1922
1923
1924
1924
1925
1925
1926
1927
1927
1929
1931
1931
1932
1932
1933
1935
1936
1936
1937
1937
1938
1939
1941
1942
1943
1944
1944
1947
1949
1950
1950
1950
1950
1951
1952
1953
1953
1955
1955
1957
1960
1961
1962
1963
1965
1965
1966
1966
1967
1969
1970
1971
1973
1973
1974
1975
1976
1977
1978
1978
1981
1982
1982
1982
1983
1984
1985
1986
1986
1988
1988
1988
1989
1991
1991
1992
1992
1993
1993
1995
1996
1998
1999
2003
2003
2006
2007
2013
2014
2014
2014
2015
2016
2016
2017
2019
2020
2020
2021
2022
2023
2024
2024
2025
2025
2026
2027
2027
2028
2028
2029
2029
2030
2031
2031
2031
2032
2033
2036
2036
2037
2042
2044
2046
2046
2047
2048
2048
2050
2050
2052
2056
2057
2057
2060
2060
2060
2061
2061
2061
2062
2065
2068
2068
2069
2069
2070
2071
2071
2072
2072
2073
2075
2075
2076
2076
2076
2077
2079
2081
2084
2084
2086
2086
2088
2088
2089
2090
2093
2093
2094
2094
2097
2099
2100
2100
2102
2104
2105
2108
2109
2113
2113
2113
2116
2117
2119
2120
2120
2124
2126
2126
2127
2128
2129
2132
2134
2136
2140
2140
2141
2142
2143
2143
2143
2144
2149
2150
2151
2152
2153
2153
2153
2154
2154
2154
2155
2157
2157
2159
2159
2161
2162
2163
2165
2165
2165
2166
2168
2169
2170
2170
2170
2171
2171
2173
2173
2178
2178
2178
2179
2179
2179
2181
2181
2182
2182
2185
2186
2186
2188
2190
2191
2191
2193
2194
2196
2196
2197
2197
2198
2199
2199
2200
2204
2206
2207
2207
2209
2210
2213
2213
2214
2214
2215
2215
2215
2215
2216
2218
2218
2218
2219
2220
2220
2221
2222
2222
2223
2224
2225
2228
2229
2229
2231
2231
2232
2234
2234
2236
2236
2237
2238
2238
2239
2239
2240
2241
2242
2243
2244
2245
2246
2247
2248
2250
2252
2257
2258
2260
2261
2261
2262
2262
2262
2264
2266
2266
2267
2268
2269
2269
2269
2270
2270
2272
2273
2273
2273
2274
2274
2278
2279
2279
2279
2279
2279
2280
2281
2282
2282
2283
2284
2285
2287
2288
2288
2288
2289
2291
2291
2291
2292
2292
2292
2295
2296
2296
2296
2296
2297
2298
2298
2299
2299
2300
2300
2302
2303
2303
2304
2306
2306
2306
2308
2308
2309
2310
2310
2310
2310
2312
2313
2313
2314
2315
2315
2316
2316
2317
2319
2320
2321
2322
2324
2324
2325
2326
2326
2326
2327
2327
2329
2329
2329
2330
2330
2332
2333
2334
2336
2338
2338
2340
2342
2343
2344
2346
2347
2349
2351
2352
2354
2354
2359
2361
2361
2363
2363
2363
2363
2367
2367
2367
2368
2369
2370
2372
2373
2375
2375
2377
2378
2379
2379
2384
2385
2386
2386
2388
2388
2389
2390
2390
2390
2390
2391
2393
2394
2394
2395
2396
2396
2396
2397
2397
2397
2399
2399
2401
2401
2402
2403
2403
2405
2405
2406
2406
2407
2408
2409
2412
2413
2413
2414
2415
2416
2416
2418
2418
2419
2419
2420
2422
2422
2423
2423
2424
2425
2426
2427
2427
2429
2429
2429
2429
2429
2430
2430
2431
2432
2434
2436
2439
2440
2441
2442
2443
2444
2444
2446
2448
2448
2449
2450
2450
2451
2456
2456
2456
2457
2457
2459
2460
2460
2461
2461
2466
2471
2472
2472
2473
2474
2474
2475
2476
2476
2477
2478
2478
2481
2481
2481
2482
2482
2482
2484
2484
2488
2488
2489
2489
2489
2490
2490
2491
2491
2492
2492
2493
2494
2494
2494
2495
2495
2497
2497
2500
2503
2505
2509
2509
2511
2512
2513
2513
2513
2515
2516
2517
2517
2517
2517
2517
2518
2520
2521
2521
2522
2523
2523
2524
2525
2527
2528
2528
2530
2530
2531
2532
2534
2534
2535
2535
2536
2536
2538
2539
2540
2540
2541
2544
2545
2546
2548
2549
2549
2549
2550
2551
2552
2552
2553
2555
2557
2558
2558
2559
2563
2565
2565
2565
2566
2567
2568
2568
2568
2572
2572
2574
2574
2574
2575
2575
2576
2578
2579
2579
2579
2581
2582
2584
2584
2586
2586
2587
2588
2590
2590
2590
2592
2592
2593
2593
2594
2594
2595
2595
2596
2597
2597
2597
2599
2601
2601
2602
2602
2602
2605
2605
2605
2607
2607
2607
2609
2610
2612
2612
2614
2614
2616
2617
2617
2617
2618
2619
2620
2621
2624
2625
2625
2625
2626
2628
2628
2630
2632
2635
2636
2636
2637
2637
2637
2638
2639
2640
2640
2641
2642
2642
2643
2643
2644
2645
2645
2645
2647
2647
2647
2648
2648
2648
2649
2650
2651
2651
2654
2654
2656
2656
2656
2657
2657
2659
2659
2660
2661
2661
2662
2662
2663
2664
2665
2666
2667
2667
2668
2670
2672
2673
2676
2678
2679
2680
2680
2681
2682
2683
2688
2689
2690
2690
2691
2691
2692
2695
2695
2695
2702
2702
2704
2705
2706
2706
2708
2709
2709
2711
2711
2711
2713
2713
2714
2716
2718
2720
2721
2722
2722
2723
2723
2724
2724
2727
2727
2728
2729
2729
2730
2730
2731
2733
2733
2734
2735
2736
2736
2737
2738
2739
2742
2742
2742
2742
2742
2743
2743
2743
2744
2746
2749
2749
2749
2750
2751
2752
2753
2754
2759
2760
2762
2763
2763
2769
2769
2769
2772
2773
2774
2777
2777
2777
2777
2778
2778
2780
2780
2781
2782
2782
2783
2784
2786
2786
2789
2789
2790
2793
2794
2794
2796
2797
2798
2799
2799
2801
2804
2804
2806
2807
2807
2808
2810
2811
2814
2815
2821
2822
2823
2824
2827
2829
2830
2830
2831
2831
2831
2832
2833
2833
2833
2834
2834
2834
2835
2835
2839
2839
2843
2843
2844
2844
2845
2845
2845
2846
2848
2849
2853
2853
2854
2854
2854
2856
2860
2860
2860
2861
2862
2865
2866
2866
2866
2866
2867
2867
2867
2869
2869
2869
2871
2871
2871
2871
2871
2874
2874
2878
2878
2880
2881
2884
2885
2886
2886
2886
2887
2887
2888
2888
2888
2889
2889
2891
2891
2891
2891
2892
2892
2892
2893
2895
2898
2898
2899
2899
2899
2902
2903
2903
2905
2905
2908
2910
2910
2910
2911
2911
2912
2912
2915
2915
2917
2917
2917
2918
2919
2921
2921
2922
2923
2925
2925
2926
2927
2927
2929
2929
2931
2931
2932
2932
2935
2936
2937
2937
2937
2938
2939
2940
2941
2942
2942
2944
2946
2947
2949
2951
2952
2952
2959
2960
2962
2962
2963
2964
2964
2968
2968
2968
2973
2973
2973
2973
2975
2976
2977
2977
2977
2977
2977
2977
2977
2978
2978
2983
2983
2984
2987
2987
2989
2991
2995
2998
2999
2999
3000
3001
3002
3002
3002
3003
3003
3007
3008
3008
3008
3009
3010
3012
3015
3017
3017
3018
3018
3019
3019
3019
3021
3021
3021
3022
3023
3023
3023
3025
3026
3026
3027
3027
3028
3029
3030
3031
3031
3031
3034
3034
3036
3036
3036
3036
3039
3039
3041
3041
3042
3044
3045
3047
3047
3047
3048
3048
3049
3049
3053
3053
3054
3055
3055
3056
3056
3057
3058
3065
3066
3066
3068
3068
3070
3070
3071
3071
3072
3072
3072
3073
3075
3075
3075
3076
3076
3077
3078
3078
3078
3078
3079
3081
3082
3083
3083
3083
3085
3085
3085
3088
3090
3090
3091
3091
3092
3093
3095
3097
3097
3098
3098
3099
3099
3101
3102
3104
3105
3106
3107
3109
3111
3115
3116
3118
3118
3118
3119
3120
3122
3122
3122
3124
3125
3125
3126
3127
3127
3129
3129
3129
3130
3130
3131
3131
3131
3136
3136
3136
3137
3138
3140
3140
3140
3142
3142
3142
3143
3144
3145
3148
3148
3148
3148
3152
3152
3153
3153
3153
3153
3153
3157
3158
3158
3160
3163
3163
3166
3167
3168
3170
3171
3171
3171
3175
3177
3178
3178
3179
3179
3180
3182
3182
3183
3183
3183
3184
3184
3186
3186
3187
3187
3189
3190
3190
3190
3190
3191
3193
3194
3194
3194
3194
3195
3196
3196
3197
3197
3197
3199
3199
3200
3200
3200
3202
3202
3203
3204
3204
3205
3207
3208
3208
3209
3211
3211
3211
3212
3212
3216
3216
3217
3218
3220
3220
3221
3225
3229
3231
3231
3232
3233
3234
3236
3236
3236
3236
3238
3239
3239
3243
3243
3247
3247
3247
3250
3253
3253
3254
3257
3258
3259
3259
3261
3261
3262
3262
3264
3264
3264
3265
3265
3266
3268
3268
3268
3268
3269
3269
3270
3271
3271
3272
3274
3274
3276
3277
3278
3279
3280
3280
3281
3282
3282
3283
3284
3284
3285
3285
3287
3288
3288
3288
3291
3293
3294
3294
3296
3298
3299
3299
3299
3300
3300
3303
3309
3309
3310
3310
3310
3314
3315
3317
3317
3318
3319
3319
3320
3320
3322
3322
3322
3323
3326
3327
3328
3331
3334
3334
3334
3335
3335
3335
3336
3338
3340
3341
3341
3344
3346
3348
3348
3350
3350
3351
3352
3357
3358
3359
3359
3359
3359
3359
3363
3364
3366
3366
3366
3366
3366
3368
3370
3371
3371
3371
3372
3372
3373
3374
3374
3374
3374
3374
3374
3375
3378
3385
3388
3389
3390
3390
3391
3391
3393
3394
3394
3397
3398
3398
3400
3401
3401
3401
3401
3402
3403
3407
3407
3407
3408
3409
3410
3410
3411
3412
3412
3412
3416
3417
3417
3418
3419
3419
3419
3419
3423
3423
3423
3424
3424
3425
3426
3426
3427
3428
3428
3429
3431
3432
3434
3436
3436
3437
3438
3439
3439
3440
3440
3442
3443
3443
3444
3444
3444
3445
3446
3449
3450
3450
3452
3453
3453
3453
3453
3454
3455
3455
3456
3456
3456
3456
3457
3457
3458
3458
3458
3460
3460
3461
3462
3463
3463
3464
3465
3467
3467
3468
3468
3471
3474
3476
3477
3477
3478
3479
3483
3488
3489
3492
3493
3493
3494
3495
3496
3496
3496
3496
3498
3498
3498
3498
3500
3500
3501
3501
3503
3503
3504
3506
3509
3509
3510
3510
3512
3512
3513
3513
3515
3516
3516
3517
3519
3519
3519
3520
3521
3522
3522
3526
3527
3527
3530
3533
3534
3535
3535
3535
3536
3537
3537
3539
3539
3540
3543
3544
3545
3545
3545
3546
3547
3548
3548
3549
3550
3553
3553
3554
3555
3558
3559
3560
3561
3563
3563
3564
3564
3564
3566
3566
3569
3571
3571
3575
3577
3582
3582
3582
3582
3583
3584
3585
3587
3588
3588
3588
3589
3589
3590
3590
3590
3593
3593
3593
3594
3595
3595
3596
3596
3596
3598
3599
3599
3602
3604
3604
3604
3606
3606
3606
3608
3609
3609
3609
3610
3610
3611
3613
3613
3617
3619
3620
3620
3623
3624
3624
3625
3629
3630
3630
3632
3632
3632
3633
3635
3640
3640
3641
3642
3643
3644
3645
3646
3647
3647
3647
3647
3647
3647
3649
3653
3656
3657
3658
3659
3661
3662
3663
3663
3665
3665
3666
3666
3667
3667
3667
3668
3669
3670
3670
3672
3673
3673
3673
3674
3675
3676
3676
3676
3676
3679
3680
3681
3682
3683
3684
3685
3687
3687
3688
3688
3689
3693
3694
3694
3696
3697
3699
3700
3700
3701
3701
3702
3703
3706
3708
3711
3712
3716
3716
3717
3717
3720
3721
3721
3723
3723
3726
3726
3726
3726
3727
3728
3730
3730
3734
3734
3734
3734
3735
3738
3738
3739
3741
3743
3743
3744
3747
3747
3750
3750
3751
3751
3751
3752
3752
3754
3754
3757
3758
3758
3759
3760
3761
3761
3761
3762
3762
3765
3766
3766
3767
3768
3770
3772
3772
3772
3772
3773
3773
3774
3774
3775
3777
3778
3780
3780
3781
3782
3783
3784
3787
3789
3790
3791
3793
3793
3794
3796
3797
3798
3799
3802
3802
3802
3805
3805
3808
3809
3810
3810
3812
3814
3815
3817
3817
3818
3822
3824
3826
3827
3827
3828
3828
3830
3832
3833
3833
3834
3837
3838
3838
3838
3841
3842
3843
3844
3845
3845
3845
3845
3847
3847
3847
3847
3847
3848
3849
3850
3851
3852
3853
3854
3856
3857
3858
3859
3860
3861
3865
3865
3866
3866
3867
3868
3869
3869
3869
3870
3870
3872
3872
3874
3874
3875
3876
3876
3877
3877
3877
3878
3878
3879
3880
3881
3882
3883
3883
3884
3884
3885
3885
3886
3889
3890
3892
3893
3893
3895
3896
3900
3901
3901
3903
3905
3906
3907
3909
3910
3910
3910
3912
3914
3915
3916
3918
3918
3919
3921
3922
3923
3924
3924
3925
3925
3926
3928
3929
3929
3930
3931
3936
3936
3936
3937
3938
3938
3939
3940
3941
3941
3942
3943
3944
3944
3944
3945
3945
3946
3946
3948
3949
3949
3950
3951
3952
3953
3954
3955
3955
3957
3958
3959
3960
3960
3960
3962
3964
3965
3966
3968
3968
3970
3970
3971
3972
3973
3973
3973
3973
3973
3974
3974
3976
3976
3976
3977
3978
3979
3979
3979
3980
3981
3981
3981
3981
3982
3982
3983
3983
3985
3986
3988
3990
3990
3992
3994
3995
3996
3997
3999
3999
4000
4002
4002
4004
4004
4006
4006
4009
4011
4011
4013
4014
4015
4015
4016
4016
4016
4016
4018
4018
4019
4019
4019
4020
4024
4027
4027
4029
4030
4031
4031
4032
4033
4034
4036
4038
4039
4039
4040
4041
4041
4043
4044
4045
4045
4046
4047
4049
4051
4052
4053
4054
4054
4055
4055
4058
4059
4059
4059
4059
4060
4060
4063
4064
4064
4064
4065
4066
4066
4069
4074
4075
4076
4076
4076
4078
4079
4079
4081
4081
4082
4082
4082
4083
4086
4086
4086
4086
4086
4088
4091
4092
4093
4094
4097
4098
4101
4103
4103
4103
4103
4108
4108
4108
4109
4109
4111
4112
4115
4116
4116
4121
4122
4123
4124
4124
4124
4126
4128
4130
4131
4133
4135
4136
4137
4137
4138
4141
4141
4143
4143
4143
4143
4144
4145
4146
4146
4146
4146
4146
4147
4147
4148
4149
4150
4150
4151
4154
4154
4155
4157
4158
4158
4160
4160
4161
4162
4163
4163
4164
4167
4168
4169
4171
4172
4173
4179
4180
4184
4185
4186
4186
4187
4189
4191
4192
4192
4194
4195
4196
4197
4197
4197
4198
4198
4200
4202
4202
4203
4203
4205
4205
4206
4206
4207
4207
4207
4207
4207
4207
4207
4209
4209
4210
4211
4211
4213
4214
4215
4216
4216
4216
4218
4219
4219
4221
4222
4223
4224
4225
4225
4227
4227
4228
4229
4230
4234
4235
4239
4241
4245
4245
4246
4247
4248
4249
4249
4250
4250
4252
4252
4252
4253
4253
4253
4254
4255
4255
4256
4257
4259
4259
4260
4260
4260
4260
4261
4261
4264
4264
4267
4268
4269
4273
4274
4275
4276
4276
4277
4278
4280
4282
4284
4285
4285
4285
4286
4288
4289
4292
4292
4294
4294
4294
4296
4297
4300
4301
4301
4302
4302
4302
4302
4303
4303
4305
4308
4309
4310
4310
4311
4311
4311
4315
4318
4318
4319
4320
4320
4323
4323
4325
4325
4328
4328
4329
4332
4333
4335
4335
4336
4336
4338
4338
4340
4341
4341
4344
4345
4345
4346
4348
4349
4349
4349
4350
4352
4352
4352
4354
4357
4360
4361
4361
4362
4364
4365
4367
4367
4368
4370
4370
4370
4371
4373
4373
4373
4374
4376
4378
4379
4381
4382
4382
4382
4385
4386
4389
4391
4391
4392
4393
4393
4393
4394
4394
4394
4395
4396
4397
4397
4399
4401
4402
4403
4404
4410
4412
4413
4413
4415
4417
4418
4420
4421
4422
4422
4423
4424
4424
4424
4429
4430
4431
4432
4436
4436
4437
4440
4441
4442
4445
4447
4448
4448
4448
4449
4449
4449
4449
4450
4452
4453
4454
4455
4458
4459
4459
4460
4461
4464
4465
4465
4467
4469
4469
4470
4471
4473
4473
4473
4474
4474
4474
4476
4476
4476
4478
4479
4479
4479
4479
4482
4482
4483
4484
4484
4487
4489
4493
4493
4494
4494
4497
4497
4497
4498
4498
4498
4499
4500
4500
4501
4502
4503
4503
4504
4505
4506
4506
4507
4508
4509
4509
4509
4510
4510
4511
4511
4512
4512
4515
4515
4516
4517
4518
4521
4522
4525
4525
4527
4527
4527
4527
4528
4529
4531
4531
4535
4536
4536
4537
4537
4537
4537
4538
4539
4539
4541
4541
4542
4545
4545
4546
4546
4548
4549
4549
4549
4553
4555
4556
4556
4556
4557
4557
4558
4558
4559
4560
4560
4560
4565
4565
4567
4569
4569
4570
4570
4573
4574
4574
4575
4578
4579
4579
4580
4584
4585
4587
4588
4591
4591
4592
4592
4593
4593
4593
4594
4595
4595
4595
4596
4597
4597
4597
4598
4598
4598
4599
4599
4600
4602
4603
4604
4604
4604
4607
4607
4607
4608
4610
4610
4611
4613
4614
4619
4619
4620
4620
4621
4623
4624
4627
4627
4628
4629
4630
4630
4631
4632
4632
4633
4635
4636
4636
4637
4638
4639
4639
4639
4641
4642
4643
4644
4644
4647
4647
4648
4648
4650
4651
4653
4656
4656
4658
4661
4662
4663
4663
4664
4664
4666
4666
4668
4668
4670
4670
4671
4673
4676
4676
4677
4680
4681
4681
4682
4682
4682
4683
4684
4684
4685
4691
4695
4695
4696
4697
4698
4698
4698
4699
4699
4702
4702
4702
4703
4704
4706
4706
4708
4709
4710
4710
4710
4711
4712
4712
4714
4715
4715
4715
4716
4716
4717
4718
4723
4723
4725
4725
4727
4729
4729
4729
4729
4731
4731
4732
4733
4733
4734
4734
4735
4736
4737
4737
4738
4740
4742
4742
4746
4748
4748
4749
4749
4750
4750
4751
4751
4752
4753
4753
4754
4757
4757
4757
4758
4759
4759
4763
4763
4763
4763
4764
4765
4765
4766
4767
4768
4771
4772
4774
4776
4777
4778
4779
4781
4781
4782
4782
4782
4783
4783
4784
4787
4787
4787
4787
4787
4788
4790
4791
4792
4793
4793
4794
4795
4795
4796
4798
4798
4799
4799
4801
4802
4803
4803
4804
4805
4805
4808
4809
4809
4811
4811
4811
4812
4812
4813
4814
4814
4814
4814
4820
4822
4822
4825
4825
4825
4826
4826
4828
4830
4831
4832
4834
4836
4839
4842
4842
4844
4844
4845
4846
4848
4848
4851
4852
4853
4853
4854
4856
4858
4859
4859
4859
4861
4861
4862
4863
4864
4867
4867
4867
4867
4868
4868
4870
4871
4872
4872
4873
4874
4874
4874
4874
4875
4876
4877
4878
4878
4879
4879
4881
4882
4886
4887
4888
4889
4890
4890
4890
4891
4891
4891
4893
4893
4894
4894
4896
4897
4897
4898
4902
4903
4905
4908
4914
4915
4915
4916
4916
4917
4919
4919
4920
4923
4923
4924
4924
4928
4928
4931
4931
4932
4934
4934
4936
4936
4937
4937
4938
4938
4938
4939
4940
4940
4941
4943
4946
4947
4948
4950
4951
4951
4951
4952
4952
4953
4956
4957
4957
4958
4959
4960
4961
4962
4963
4964
4966
4966
4967
4967
4967
4968
4969
4969
4969
4969
4969
4970
4970
4971
4972
4973
4974
4974
4975
4976
4977
4977
4977
4980
4981
4984
4985
4986
4986
4987
4988
4988
4988
4989
4989
4990
4990
4991
4992
4993
4993
4995
4995
4995
4995
4996
4997
