500
1
3
3
4
5
7
8
10
11
11
13
14
15
15
21
21
21
22
22
24
24
24
25
25
27
27
28
28
28
28
29
29
31
31
31
31
31
32
34
35
35
36
36
37
37
38
39
39
39
39
41
41
42
43
43
43
43
45
45
49
49
49
50
50
51
52
53
56
57
58
58
58
60
60
62
63
64
65
67
69
71
71
75
77
78
79
79
79
80
83
84
86
86
87
87
87
88
88
89
89
90
90
91
91
91
92
94
95
96
96
98
99
100
100
100
100
102
105
108
108
110
110
110
112
115
115
115
115
117
119
121
121
121
122
122
123
124
125
126
126
127
128
128
129
129
129
132
135
135
137
139
139
139
139
140
140
141
141
141
144
144
147
147
148
149
150
151
151
152
152
154
154
154
157
157
160
162
162
164
165
166
167
167
167
168
169
170
170
171
171
173
175
176
178
181
181
181
184
185
187
188
189
189
193
193
193
193
193
194
195
195
198
198
201
202
204
206
206
207
210
210
211
211
211
214
214
216
217
219
220
220
222
222
223
224
225
229
230
231
233
236
236
237
238
240
241
242
245
247
248
249
250
252
252
253
254
255
256
256
258
259
264
264
264
265
266
268
268
269
270
271
272
272
272
274
274
274
275
275
276
277
277
279
280
282
283
283
284
286
287
288
290
290
290
290
291
291
291
292
293
294
295
299
299
300
300
301
303
304
305
308
309
309
309
309
310
311
312
312
312
313
314
314
316
318
318
321
321
321
322
323
326
326
327
327
328
330
330
332
334
334
336
337
338
342
343
344
344
344
346
347
348
348
349
351
353
353
356
357
357
357
358
360
362
362
363
364
366
366
367
367
369
369
370
372
372
372
374
376
377
378
378
379
380
381
381
382
384
384
385
386
387
389
389
391
392
392
392
393
393
393
395
396
398
399
400
401
401
407
407
407
408
408
408
408
408
409
409
414
415
415
418
419
420
420
420
421
422
422
422
423
425
425
426
427
428
430
431
432
432
432
433
433
434
435
436
438
440
440
443
445
446
447
448
449
451
453
455
457
458
459
460
460
460
461
461
464
465
466
469
470
471
473
474
478
479
480
481
482
482
483
484
484
484
487
487
489
489
490
491
493
495
495
495
497
498
499
499
499
500
