5000
4997
4996
4995
4995
4995
4995
4993
4993
4992
4991
4990
4990
4989
4989
4988
4988
4988
4987
4986
4986
4985
4984
4981
4980
4977
4977
4977
4976
4975
4974
4974
4973
4972
4971
4970
4970
4969
4969
4969
4969
4969
4968
4967
4967
4967
4966
4966
4964
4963
4962
4961
4960
4959
4958
4957
4957
4956
4953
4952
4952
4951
4951
4951
4950
4948
4947
4946
4943
4941
4940
4940
4939
4938
4938
4938
4937
4937
4936
4936
4934
4934
4932
4931
4931
4928
4928
4924
4924
4923
4923
4920
4919
4919
4917
4916
4916
4915
4915
4914
4908
4905
4903
4902
4898
4897
4897
4896
4894
4894
4893
4893
4891
4891
4891
4890
4890
4890
4889
4888
4887
4886
4882
4881
4879
4879
4878
4878
4877
4876
4875
4874
4874
4874
4874
4873
4872
4872
4871
4870
4868
4868
4867
4867
4867
4867
4864
4863
4862
4861
4861
4859
4859
4859
4858
4856
4854
4853
4853
4852
4851
4848
4848
4846
4845
4844
4844
4842
4842
4839
4836
4834
4832
4831
4830
4828
4826
4826
4825
4825
4825
4822
4822
4820
4814
4814
4814
4814
4813
4812
4812
4811
4811
4811
4809
4809
4808
4805
4805
4804
4803
4803
4802
4801
4799
4799
4798
4798
4796
4795
4795
4794
4793
4793
4792
4791
4790
4788
4787
4787
4787
4787
4787
4784
4783
4783
4782
4782
4782
4781
4781
4779
4778
4777
4776
4774
4772
4771
4768
4767
4766
4765
4765
4764
4763
4763
4763
4763
4759
4759
4758
4757
4757
4757
4754
4753
4753
4752
4751
4751
4750
4750
4749
4749
4748
4748
4746
4742
4742
4740
4738
4737
4737
4736
4735
4734
4734
4733
4733
4732
4731
4731
4729
4729
4729
4729
4727
4725
4725
4723
4723
4718
4717
4716
4716
4715
4715
4715
4714
4712
4712
4711
4710
4710
4710
4709
4708
4706
4706
4704
4703
4702
4702
4702
4699
4699
4698
4698
4698
4697
4696
4695
4695
4691
4685
4684
4684
4683
4682
4682
4682
4681
4681
4680
4677
4676
4676
4673
4671
4670
4670
4668
4668
4666
4666
4664
4664
4663
4663
4662
4661
4658
4656
4656
4653
4651
4650
4648
4648
4647
4647
4644
4644
4643
4642
4641
4639
4639
4639
4638
4637
4636
4636
4635
4633
4632
4632
4631
4630
4630
4629
4628
4627
4627
4624
4623
4621
4620
4620
4619
4619
4614
4613
4611
4610
4610
4608
4607
4607
4607
4604
4604
4604
4603
4602
4600
4599
4599
4598
4598
4598
4597
4597
4597
4596
4595
4595
4595
4594
4593
4593
4593
4592
4592
4591
4591
4588
4587
4585
4584
4580
4579
4579
4578
4575
4574
4574
4573
4570
4570
4569
4569
4567
4565
4565
4560
4560
4560
4559
4558
4558
4557
4557
4556
4556
4556
4555
4553
4549
4549
4549
4548
4546
4546
4545
4545
4542
4541
4541
4539
4539
4538
4537
4537
4537
4537
4536
4536
4535
4531
4531
4529
4528
4527
4527
4527
4527
4525
4525
4522
4521
4518
4517
4516
4515
4515
4512
4512
4511
4511
4510
4510
4509
4509
4509
4508
4507
4506
4506
4505
4504
4503
4503
4502
4501
4500
4500
4499
4498
4498
4498
4497
4497
4497
4494
4494
4493
4493
4489
4487
4484
4484
4483
4482
4482
4479
4479
4479
4479
4478
4476
4476
4476
4474
4474
4474
4473
4473
4473
4471
4470
4469
4469
4467
4465
4465
4464
4461
4460
4459
4459
4458
4455
4454
4453
4452
4450
4449
4449
4449
4449
4448
4448
4448
4447
4445
4442
4441
4440
4437
4436
4436
4432
4431
4430
4429
4424
4424
4424
4423
4422
4422
4421
4420
4418
4417
4415
4413
4413
4412
4410
4404
4403
4402
4401
4399
4397
4397
4396
4395
4394
4394
4394
4393
4393
4393
4392
4391
4391
4389
4386
4385
4382
4382
4382
4381
4379
4378
4376
4374
4373
4373
4373
4371
4370
4370
4370
4368
4367
4367
4365
4364
4362
4361
4361
4360
4357
4354
4352
4352
4352
4350
4349
4349
4349
4348
4346
4345
4345
4344
4341
4341
4340
4338
4338
4336
4336
4335
4335
4333
4332
4329
4328
4328
4325
4325
4323
4323
4320
4320
4319
4318
4318
4315
4311
4311
4311
4310
4310
4309
4308
4305
4303
4303
4302
4302
4302
4302
4301
4301
4300
4297
4296
4294
4294
4294
4292
4292
4289
4288
4286
4285
4285
4285
4284
4282
4280
4278
4277
4276
4276
4275
4274
4273
4269
4268
4267
4264
4264
4261
4261
4260
4260
4260
4260
4259
4259
4257
4256
4255
4255
4254
4253
4253
4253
4252
4252
4252
4250
4250
4249
4249
4248
4247
4246
4245
4245
4241
4239
4235
4234
4230
4229
4228
4227
4227
4225
4225
4224
4223
4222
4221
4219
4219
4218
4216
4216
4216
4215
4214
4213
4211
4211
4210
4209
4209
4207
4207
4207
4207
4207
4207
4207
4206
4206
4205
4205
4203
4203
4202
4202
4200
4198
4198
4197
4197
4197
4196
4195
4194
4192
4192
4191
4189
4187
4186
4186
4185
4184
4180
4179
4173
4172
4171
4169
4168
4167
4164
4163
4163
4162
4161
4160
4160
4158
4158
4157
4155
4154
4154
4151
4150
4150
4149
4148
4147
4147
4146
4146
4146
4146
4146
4145
4144
4143
4143
4143
4143
4141
4141
4138
4137
4137
4136
4135
4133
4131
4130
4128
4126
4124
4124
4124
4123
4122
4121
4116
4116
4115
4112
4111
4109
4109
4108
4108
4108
4103
4103
4103
4103
4101
4098
4097
4094
4093
4092
4091
4088
4086
4086
4086
4086
4086
4083
4082
4082
4082
4081
4081
4079
4079
4078
4076
4076
4076
4075
4074
4069
4066
4066
4065
4064
4064
4064
4063
4060
4060
4059
4059
4059
4059
4058
4055
4055
4054
4054
4053
4052
4051
4049
4047
4046
4045
4045
4044
4043
4041
4041
4040
4039
4039
4038
4036
4034
4033
4032
4031
4031
4030
4029
4027
4027
4024
4020
4019
4019
4019
4018
4018
4016
4016
4016
4016
4015
4015
4014
4013
4011
4011
4009
4006
4006
4004
4004
4002
4002
4000
3999
3999
3997
3996
3995
3994
3992
3990
3990
3988
3986
3985
3983
3983
3982
3982
3981
3981
3981
3981
3980
3979
3979
3979
3978
3977
3976
3976
3976
3974
3974
3973
3973
3973
3973
3973
3972
3971
3970
3970
3968
3968
3966
3965
3964
3962
3960
3960
3960
3959
3958
3957
3955
3955
3954
3953
3952
3951
3950
3949
3949
3948
3946
3946
3945
3945
3944
3944
3944
3943
3942
3941
3941
3940
3939
3938
3938
3937
3936
3936
3936
3931
3930
3929
3929
3928
3926
3925
3925
3924
3924
3923
3922
3921
3919
3918
3918
3916
3915
3914
3912
3910
3910
3910
3909
3907
3906
3905
3903
3901
3901
3900
3896
3895
3893
3893
3892
3890
3889
3886
3885
3885
3884
3884
3883
3883
3882
3881
3880
3879
3878
3878
3877
3877
3877
3876
3876
3875
3874
3874
3872
3872
3870
3870
3869
3869
3869
3868
3867
3866
3866
3865
3865
3861
3860
3859
3858
3857
3856
3854
3853
3852
3851
3850
3849
3848
3847
3847
3847
3847
3847
3845
3845
3845
3845
3844
3843
3842
3841
3838
3838
3838
3837
3834
3833
3833
3832
3830
3828
3828
3827
3827
3826
3824
3822
3818
3817
3817
3815
3814
3812
3810
3810
3809
3808
3805
3805
3802
3802
3802
3799
3798
3797
3796
3794
3793
3793
3791
3790
3789
3787
3784
3783
3782
3781
3780
3780
3778
3777
3775
3774
3774
3773
3773
3772
3772
3772
3772
3770
3768
3767
3766
3766
3765
3762
3762
3761
3761
3761
3760
3759
3758
3758
3757
3754
3754
3752
3752
3751
3751
3751
3750
3750
3747
3747
3744
3743
3743
3741
3739
3738
3738
3735
3734
3734
3734
3734
3730
3730
3728
3727
3726
3726
3726
3726
3723
3723
3721
3721
3720
3717
3717
3716
3716
3712
3711
3708
3706
3703
3702
3701
3701
3700
3700
3699
3697
3696
3694
3694
3693
3689
3688
3688
3687
3687
3685
3684
3683
3682
3681
3680
3679
3676
3676
3676
3676
3675
3674
3673
3673
3673
3672
3670
3670
3669
3668
3667
3667
3667
3666
3666
3665
3665
3663
3663
3662
3661
3659
3658
3657
3656
3653
3649
3647
3647
3647
3647
3647
3647
3646
3645
3644
3643
3642
3641
3640
3640
3635
3633
3632
3632
3632
3630
3630
3629
3625
3624
3624
3623
3620
3620
3619
3617
3613
3613
3611
3610
3610
3609
3609
3609
3608
3606
3606
3606
3604
3604
3604
3602
3599
3599
3598
3596
3596
3596
3595
3595
3594
3593
3593
3593
3590
3590
3590
3589
3589
3588
3588
3588
3587
3585
3584
3583
3582
3582
3582
3582
3577
3575
3571
3571
3569
3566
3566
3564
3564
3564
3563
3563
3561
3560
3559
3558
3555
3554
3553
3553
3550
3549
3548
3548
3547
3546
3545
3545
3545
3544
3543
3540
3539
3539
3537
3537
3536
3535
3535
3535
3534
3533
3530
3527
3527
3526
3522
3522
3521
3520
3519
3519
3519
3517
3516
3516
3515
3513
3513
3512
3512
3510
3510
3509
3509
3506
3504
3503
3503
3501
3501
3500
3500
3498
3498
3498
3498
3496
3496
3496
3496
3495
3494
3493
3493
3492
3489
3488
3483
3479
3478
3477
3477
3476
3474
3471
3468
3468
3467
3467
3465
3464
3463
3463
3462
3461
3460
3460
3458
3458
3458
3457
3457
3456
3456
3456
3456
3455
3455
3454
3453
3453
3453
3453
3452
3450
3450
3449
3446
3445
3444
3444
3444
3443
3443
3442
3440
3440
3439
3439
3438
3437
3436
3436
3434
3432
3431
3429
3428
3428
3427
3426
3426
3425
3424
3424
3423
3423
3423
3419
3419
3419
3419
3418
3417
3417
3416
3412
3412
3412
3411
3410
3410
3409
3408
3407
3407
3407
3403
3402
3401
3401
3401
3401
3400
3398
3398
3397
3394
3394
3393
3391
3391
3390
3390
3389
3388
3385
3378
3375
3374
3374
3374
3374
3374
3374
3373
3372
3372
3371
3371
3371
3370
3368
3366
3366
3366
3366
3366
3364
3363
3359
3359
3359
3359
3359
3358
3357
3352
3351
3350
3350
3348
3348
3346
3344
3341
3341
3340
3338
3336
3335
3335
3335
3334
3334
3334
3331
3328
3327
3326
3323
3322
3322
3322
3320
3320
3319
3319
3318
3317
3317
3315
3314
3310
3310
3310
3309
3309
3303
3300
3300
3299
3299
3299
3298
3296
3294
3294
3293
3291
3288
3288
3288
3287
3285
3285
3284
3284
3283
3282
3282
3281
3280
3280
3279
3278
3277
3276
3274
3274
3272
3271
3271
3270
3269
3269
3268
3268
3268
3268
3266
3265
3265
3264
3264
3264
3262
3262
3261
3261
3259
3259
3258
3257
3254
3253
3253
3250
3247
3247
3247
3243
3243
3239
3239
3238
3236
3236
3236
3236
3234
3233
3232
3231
3231
3229
3225
3221
3220
3220
3218
3217
3216
3216
3212
3212
3211
3211
3211
3209
3208
3208
3207
3205
3204
3204
3203
3202
3202
3200
3200
3200
3199
3199
3197
3197
3197
3196
3196
3195
3194
3194
3194
3194
3193
3191
3190
3190
3190
3190
3189
3187
3187
3186
3186
3184
3184
3183
3183
3183
3182
3182
3180
3179
3179
3178
3178
3177
3175
3171
3171
3171
3170
3168
3167
3166
3163
3163
3160
3158
3158
3157
3153
3153
3153
3153
3153
3152
3152
3148
3148
3148
3148
3145
3144
3143
3142
3142
3142
3140
3140
3140
3138
3137
3136
3136
3136
3131
3131
3131
3130
3130
3129
3129
3129
3127
3127
3126
3125
3125
3124
3122
3122
3122
3120
3119
3118
3118
3118
3116
3115
3111
3109
3107
3106
3105
3104
3102
3101
3099
3099
3098
3098
3097
3097
3095
3093
3092
3091
3091
3090
3090
3088
3085
3085
3085
3083
3083
3083
3082
3081
3079
3078
3078
3078
3078
3077
3076
3076
3075
3075
3075
3073
3072
3072
3072
3071
3071
3070
3070
3068
3068
3066
3066
3065
3058
3057
3056
3056
3055
3055
3054
3053
3053
3049
3049
3048
3048
3047
3047
3047
3045
3044
3042
3041
3041
3039
3039
3036
3036
3036
3036
3034
3034
3031
3031
3031
3030
3029
3028
3027
3027
3026
3026
3025
3023
3023
3023
3022
3021
3021
3021
3019
3019
3019
3018
3018
3017
3017
3015
3012
3010
3009
3008
3008
3008
3007
3003
3003
3002
3002
3002
3001
3000
2999
2999
2998
2995
2991
2989
2987
2987
2984
2983
2983
2978
2978
2977
2977
2977
2977
2977
2977
2977
2976
2975
2973
2973
2973
2973
2968
2968
2968
2964
2964
2963
2962
2962
2960
2959
2952
2952
2951
2949
2947
2946
2944
2942
2942
2941
2940
2939
2938
2937
2937
2937
2936
2935
2932
2932
2931
2931
2929
2929
2927
2927
2926
2925
2925
2923
2922
2921
2921
2919
2918
2917
2917
2917
2915
2915
2912
2912
2911
2911
2910
2910
2910
2908
2905
2905
2903
2903
2902
2899
2899
2899
2898
2898
2895
2893
2892
2892
2892
2891
2891
2891
2891
2889
2889
2888
2888
2888
2887
2887
2886
2886
2886
2885
2884
2881
2880
2878
2878
2874
2874
2871
2871
2871
2871
2871
2869
2869
2869
2867
2867
2867
2866
2866
2866
2866
2865
2862
2861
2860
2860
2860
2856
2854
2854
2854
2853
2853
2849
2848
2846
2845
2845
2845
2844
2844
2843
2843
2839
2839
2835
2835
2834
2834
2834
2833
2833
2833
2832
2831
2831
2831
2830
2830
2829
2827
2824
2823
2822
2821
2815
2814
2811
2810
2808
2807
2807
2806
2804
2804
2801
2799
2799
2798
2797
2796
2794
2794
2793
2790
2789
2789
2786
2786
2784
2783
2782
2782
2781
2780
2780
2778
2778
2777
2777
2777
2777
2774
2773
2772
2769
2769
2769
2763
2763
2762
2760
2759
2754
2753
2752
2751
2750
2749
2749
2749
2746
2744
2743
2743
2743
2742
2742
2742
2742
2742
2739
2738
2737
2736
2736
2735
2734
2733
2733
2731
2730
2730
2729
2729
2728
2727
2727
2724
2724
2723
2723
2722
2722
2721
2720
2718
2716
2714
2713
2713
2711
2711
2711
2709
2709
2708
2706
2706
2705
2704
2702
2702
2695
2695
2695
2692
2691
2691
2690
2690
2689
2688
2683
2682
2681
2680
2680
2679
2678
2676
2673
2672
2670
2668
2667
2667
2666
2665
2664
2663
2662
2662
2661
2661
2660
2659
2659
2657
2657
2656
2656
2656
2654
2654
2651
2651
2650
2649
2648
2648
2648
2647
2647
2647
2645
2645
2645
2644
2643
2643
2642
2642
2641
2640
2640
2639
2638
2637
2637
2637
2636
2636
2635
2632
2630
2628
2628
2626
2625
2625
2625
2624
2621
2620
2619
2618
2617
2617
2617
2616
2614
2614
2612
2612
2610
2609
2607
2607
2607
2605
2605
2605
2602
2602
2602
2601
2601
2599
2597
2597
2597
2596
2595
2595
2594
2594
2593
2593
2592
2592
2590
2590
2590
2588
2587
2586
2586
2584
2584
2582
2581
2579
2579
2579
2578
2576
2575
2575
2574
2574
2574
2572
2572
2568
2568
2568
2567
2566
2565
2565
2565
2563
2559
2558
2558
2557
2555
2553
2552
2552
2551
2550
2549
2549
2549
2548
2546
2545
2544
2541
2540
2540
2539
2538
2536
2536
2535
2535
2534
2534
2532
2531
2530
2530
2528
2528
2527
2525
2524
2523
2523
2522
2521
2521
2520
2518
2517
2517
2517
2517
2517
2516
2515
2513
2513
2513
2512
2511
2509
2509
2505
2503
2500
2497
2497
2495
2495
2494
2494
2494
2493
2492
2492
2491
2491
2490
2490
2489
2489
2489
2488
2488
2484
2484
2482
2482
2482
2481
2481
2481
2478
2478
2477
2476
2476
2475
2474
2474
2473
2472
2472
2471
2466
2461
2461
2460
2460
2459
2457
2457
2456
2456
2456
2451
2450
2450
2449
2448
2448
2446
2444
2444
2443
2442
2441
2440
2439
2436
2434
2432
2431
2430
2430
2429
2429
2429
2429
2429
2427
2427
2426
2425
2424
2423
2423
2422
2422
2420
2419
2419
2418
2418
2416
2416
2415
2414
2413
2413
2412
2409
2408
2407
2406
2406
2405
2405
2403
2403
2402
2401
2401
2399
2399
2397
2397
2397
2396
2396
2396
2395
2394
2394
2393
2391
2390
2390
2390
2390
2389
2388
2388
2386
2386
2385
2384
2379
2379
2378
2377
2375
2375
2373
2372
2370
2369
2368
2367
2367
2367
2363
2363
2363
2363
2361
2361
2359
2354
2354
2352
2351
2349
2347
2346
2344
2343
2342
2340
2338
2338
2336
2334
2333
2332
2330
2330
2329
2329
2329
2327
2327
2326
2326
2326
2325
2324
2324
2322
2321
2320
2319
2317
2316
2316
2315
2315
2314
2313
2313
2312
2310
2310
2310
2310
2309
2308
2308
2306
2306
2306
2304
2303
2303
2302
2300
2300
2299
2299
2298
2298
2297
2296
2296
2296
2296
2295
2292
2292
2292
2291
2291
2291
2289
2288
2288
2288
2287
2285
2284
2283
2282
2282
2281
2280
2279
2279
2279
2279
2279
2278
2274
2274
2273
2273
2273
2272
2270
2270
2269
2269
2269
2268
2267
2266
2266
2264
2262
2262
2262
2261
2261
2260
2258
2257
2252
2250
2248
2247
2246
2245
2244
2243
2242
2241
2240
2239
2239
2238
2238
2237
2236
2236
2234
2234
2232
2231
2231
2229
2229
2228
2225
2224
2223
2222
2222
2221
2220
2220
2219
2218
2218
2218
2216
2215
2215
2215
2215
2214
2214
2213
2213
2210
2209
2207
2207
2206
2204
2200
2199
2199
2198
2197
2197
2196
2196
2194
2193
2191
2191
2190
2188
2186
2186
2185
2182
2182
2181
2181
2179
2179
2179
2178
2178
2178
2173
2173
2171
2171
2170
2170
2170
2169
2168
2166
2165
2165
2165
2163
2162
2161
2159
2159
2157
2157
2155
2154
2154
2154
2153
2153
2153
2152
2151
2150
2149
2144
2143
2143
2143
2142
2141
2140
2140
2136
2134
2132
2129
2128
2127
2126
2126
2124
2120
2120
2119
2117
2116
2113
2113
2113
2109
2108
2105
2104
2102
2100
2100
2099
2097
2094
2094
2093
2093
2090
2089
2088
2088
2086
2086
2084
2084
2081
2079
2077
2076
2076
2076
2075
2075
2073
2072
2072
2071
2071
2070
2069
2069
2068
2068
2065
2062
2061
2061
2061
2060
2060
2060
2057
2057
2056
2052
2050
2050
2048
2048
2047
2046
2046
2044
2042
2037
2036
2036
2033
2032
2031
2031
2031
2030
2029
2029
2028
2028
2027
2027
2026
2025
2025
2024
2024
2023
2022
2021
2020
2020
2019
2017
2016
2016
2015
2014
2014
2014
2013
2007
2006
2003
2003
1999
1998
1996
1995
1993
1993
1992
1992
1991
1991
1989
1988
1988
1988
1986
1986
1985
1984
1983
1982
1982
1982
1981
1978
1978
1977
1976
1975
1974
1973
1973
1971
1970
1969
1967
1966
1966
1965
1965
1963
1962
1961
1960
1957
1955
1955
1953
1953
1952
1951
1950
1950
1950
1950
1949
1947
1944
1944
1943
1942
1941
1939
1938
1937
1937
1936
1936
1935
1933
1932
1932
1931
1931
1929
1927
1927
1926
1925
1925
1924
1924
1923
1922
1922
1921
1920
1919
1919
1919
1919
1918
1918
1916
1915
1912
1912
1910
1906
1905
1904
1903
1903
1896
1895
1895
1894
1893
1890
1889
1889
1888
1887
1887
1886
1885
1885
1884
1884
1884
1883
1883
1883
1883
1882
1881
1878
1875
1874
1873
1872
1870
1869
1869
1869
1868
1866
1866
1865
1863
1862
1862
1861
1860
1859
1859
1858
1857
1856
1854
1853
1852
1850
1850
1848
1848
1844
1842
1842
1841
1839
1839
1838
1836
1835
1834
1834
1833
1832
1832
1831
1830
1830
1829
1828
1826
1824
1822
1822
1822
1821
1821
1819
1818
1818
1816
1815
1814
1814
1814
1814
1811
1811
1808
1806
1805
1805
1802
1800
1799
1798
1798
1796
1794
1794
1792
1792
1792
1791
1791
1791
1790
1789
1788
1788
1788
1787
1786
1786
1786
1784
1784
1783
1782
1782
1781
1779
1779
1774
1773
1773
1773
1770
1770
1770
1770
1769
1769
1768
1766
1764
1759
1756
1754
1753
1753
1752
1747
1747
1746
1745
1745
1745
1744
1743
1743
1738
1738
1737
1737
1732
1732
1732
1731
1731
1726
1722
1719
1718
1718
1717
1717
1716
1714
1713
1712
1711
1710
1710
1707
1707
1706
1705
1705
1703
1702
1701
1700
1700
1699
1698
1698
1697
1697
1696
1694
1694
1694
1693
1693
1691
1688
1687
1685
1685
1684
1684
1684
1684
1683
1683
1682
1681
1677
1677
1676
1676
1675
1674
1672
1672
1671
1671
1669
1668
1667
1665
1665
1665
1664
1663
1663
1663
1663
1662
1661
1661
1659
1656
1655
1655
1652
1652
1651
1650
1648
1647
1646
1645
1644
1644
1644
1642
1641
1640
1638
1638
1637
1636
1636
1632
1632
1630
1629
1628
1627
1625
1622
1621
1620
1619
1618
1618
1617
1616
1616
1614
1614
1614
1612
1611
1611
1609
1607
1606
1604
1604
1603
1601
1601
1599
1598
1598
1598
1598
1598
1597
1597
1596
1596
1596
1596
1595
1594
1593
1592
1591
1591
1590
1588
1587
1587
1586
1585
1583
1582
1582
1582
1577
1577
1577
1576
1576
1576
1576
1575
1575
1575
1574
1572
1571
1570
1570
1569
1566
1565
1564
1564
1564
1563
1563
1561
1560
1559
1551
1550
1548
1548
1548
1548
1547
1546
1546
1545
1544
1543
1543
1541
1540
1539
1538
1537
1536
1535
1534
1534
1534
1532
1532
1532
1529
1529
1528
1528
1527
1526
1524
1521
1521
1520
1520
1518
1518
1517
1517
1515
1515
1514
1513
1512
1512
1511
1511
1511
1510
1510
1510
1510
1509
1508
1507
1506
1504
1504
1504
1503
1503
1503
1503
1503
1502
1499
1499
1497
1495
1495
1491
1491
1491
1490
1489
1489
1489
1489
1488
1488
1487
1486
1485
1484
1484
1484
1482
1482
1482
1482
1482
1481
1480
1480
1479
1479
1478
1477
1477
1477
1477
1476
1473
1473
1471
1468
1468
1468
1467
1467
1466
1466
1465
1464
1463
1462
1461
1461
1460
1460
1458
1457
1454
1454
1454
1451
1450
1449
1449
1448
1447
1446
1445
1445
1444
1444
1443
1443
1443
1442
1442
1441
1441
1440
1439
1438
1437
1436
1436
1434
1434
1432
1430
1428
1425
1424
1423
1420
1418
1417
1417
1416
1413
1413
1413
1412
1411
1410
1410
1409
1409
1408
1406
1406
1405
1405
1405
1402
1401
1401
1401
1401
1395
1395
1394
1393
1393
1391
1391
1391
1390
1390
1389
1388
1388
1386
1385
1385
1384
1382
1382
1379
1379
1378
1378
1377
1376
1375
1375
1370
1369
1369
1367
1364
1364
1362
1361
1360
1360
1359
1356
1356
1355
1352
1352
1351
1351
1350
1350
1347
1345
1342
1342
1341
1341
1340
1339
1339
1338
1336
1330
1330
1329
1329
1327
1323
1323
1322
1320
1319
1318
1317
1316
1313
1313
1310
1308
1308
1306
1305
1305
1304
1302
1299
1299
1297
1295
1294
1294
1294
1291
1290
1290
1289
1288
1287
1287
1285
1285
1285
1283
1283
1282
1275
1273
1272
1271
1270
1270
1269
1266
1266
1266
1264
1263
1263
1263
1262
1262
1260
1260
1259
1259
1259
1259
1259
1256
1256
1255
1253
1252
1252
1251
1250
1250
1250
1248
1247
1247
1247
1245
1244
1243
1243
1242
1240
1240
1238
1237
1237
1235
1235
1233
1233
1233
1229
1229
1228
1228
1227
1224
1223
1222
1221
1218
1218
1218
1217
1215
1215
1213
1212
1212
1211
1210
1208
1207
1206
1203
1202
1202
1201
1200
1200
1200
1199
1196
1194
1191
1189
1189
1189
1186
1186
1185
1185
1185
1184
1181
1181
1180
1179
1178
1177
1176
1175
1175
1175
1174
1174
1174
1173
1173
1173
1170
1170
1169
1168
1167
1166
1165
1164
1160
1158
1156
1156
1155
1154
1153
1152
1151
1150
1148
1148
1147
1144
1142
1142
1139
1138
1136
1135
1134
1133
1132
1130
1130
1130
1129
1126
1126
1126
1126
1126
1125
1124
1124
1123
1123
1121
1120
1120
1120
1119
1119
1118
1118
1118
1117
1116
1116
1114
1114
1113
1112
1112
1110
1110
1109
1108
1108
1106
1104
1104
1103
1100
1096
1094
1091
1089
1089
1087
1087
1086
1086
1085
1082
1081
1078
1077
1077
1077
1074
1074
1072
1072
1072
1071
1070
1070
1070
1069
1069
1068
1067
1066
1064
1064
1063
1062
1061
1061
1060
1058
1058
1057
1057
1057
1057
1056
1055
1055
1054
1054
1053
1051
1051
1051
1051
1048
1046
1045
1044
1042
1040
1040
1039
1038
1035
1035
1035
1034
1034
1034
1032
1032
1031
1029
1029
1028
1027
1027
1024
1024
1023
1022
1021
1020
1019
1017
1017
1016
1013
1012
1012
1012
1012
1011
1009
1009
1008
1007
1007
1006
1005
1005
1002
1002
1001
1000
1000
998
998
997
997
995
994
994
994
994
993
993
993
993
991
990
989
989
984
983
983
983
980
980
978
978
974
970
969
969
969
967
967
967
966
965
962
961
961
961
960
960
960
960
958
957
956
954
953
951
951
949
949
948
948
947
946
946
946
945
945
945
944
943
940
936
935
934
934
930
930
929
929
929
927
925
925
924
922
922
921
921
920
917
916
916
915
915
915
915
914
913
910
909
906
904
902
902
901
899
899
897
896
896
895
894
891
890
890
890
889
888
886
884
883
883
881
879
879
876
875
874
872
870
868
865
862
861
861
860
859
859
856
855
855
853
852
852
851
851
851
850
849
846
845
845
845
844
843
842
841
841
841
841
840
839
838
838
837
837
835
834
833
833
832
831
830
830
829
826
826
825
824
824
820
819
818
818
818
818
814
812
808
807
807
804
803
799
798
798
796
794
792
791
791
790
790
789
788
785
784
783
782
782
782
780
779
777
777
776
774
773
772
770
769
768
768
768
767
766
765
765
764
760
758
757
757
757
757
756
756
755
754
752
751
751
751
751
750
745
745
745
745
743
741
740
739
739
738
737
736
735
735
734
734
733
733
731
728
727
726
726
726
724
724
724
723
722
721
718
717
715
715
714
709
708
706
706
706
706
705
705
702
702
701
701
698
697
697
696
695
694
694
693
692
692
690
687
686
686
685
683
682
680
677
676
674
673
670
670
670
669
669
669
667
665
664
663
661
659
658
658
657
657
655
654
652
651
650
648
648
647
646
646
645
645
645
644
643
642
642
641
640
639
639
638
637
637
635
634
633
632
631
631
627
626
625
625
623
622
622
622
621
620
617
616
616
615
615
611
611
608
606
606
605
603
603
600
598
598
596
596
593
593
592
589
588
587
587
586
586
586
583
583
582
580
580
578
577
577
577
575
575
574
572
570
570
570
569
569
569
567
566
565
565
564
564
562
561
561
561
560
557
556
555
554
553
552
552
551
551
551
551
551
549
547
546
546
545
539
538
538
536
533
533
531
531
531
530
529
528
527
524
523
523
522
521
521
520
520
518
518
518
518
516
516
515
515
513
512
512
512
511
511
510
510
509
508
507
506
506
506
505
504
504
503
503
502
502
502
500
499
498
498
496
496
496
495
495
495
495
493
491
490
489
488
488
488
488
488
487
487
486
485
485
484
484
484
483
483
480
479
478
476
476
476
476
475
472
472
471
469
467
466
465
464
464
462
461
460
459
459
459
459
457
457
456
456
455
452
451
451
451
450
448
447
446
446
446
444
444
444
442
439
439
438
438
434
434
433
433
432
431
431
431
428
427
425
425
425
424
423
423
422
422
422
421
421
421
419
418
418
416
414
412
408
407
407
407
404
403
402
402
402
399
399
397
395
391
391
389
389
389
386
384
384
383
382
381
380
380
380
379
379
378
378
377
376
376
376
375
375
375
374
374
374
372
372
372
370
369
368
368
366
365
365
363
362
362
361
360
359
357
357
356
356
355
353
352
352
351
351
349
349
349
349
348
348
348
346
346
344
344
340
338
336
334
332
331
330
329
327
327
327
326
324
321
317
315
314
308
306
305
305
304
303
298
297
297
295
294
292
291
285
285
283
282
281
281
279
278
276
275
275
275
273
272
270
270
269
269
267
265
265
264
263
262
261
260
253
250
249
248
245
245
243
243
240
240
239
238
235
235
233
233
232
232
232
230
230
230
230
229
228
227
224
224
224
223
222
221
220
220
219
218
218
218
217
214
213
212
212
211
210
210
210
209
208
208
207
205
205
204
199
199
197
195
195
193
193
193
192
191
190
190
188
187
186
186
184
183
183
183
183
182
182
182
182
181
181
180
178
178
178
177
177
176
175
174
172
171
171
170
169
169
168
167
167
163
161
161
161
160
158
156
154
154
151
151
150
149
149
149
148
147
145
145
145
145
143
140
138
136
135
133
131
130
130
127
125
125
125
124
124
122
122
121
121
121
119
116
114
114
112
111
107
106
103
103
102
102
101
101
95
95
93
92
91
90
90
89
88
88
87
87
85
78
77
77
76
75
74
73
72
71
71
70
70
69
68
68
66
66
63
63
62
59
59
59
57
57
57
57
55
55
53
52
52
52
52
51
49
49
48
46
46
46
42
39
39
38
37
37
37
37
35
35
34
33
32
28
26
25
23
22
19
18
18
17
17
15
14
13
13
13
11
11
10
7
7
6
6
4
0
5000
