500
37
275
337
150
301
154
67
3
270
22
400
274
53
77
387
327
25
154
56
303
115
71
471
393
22
171
249
185
139
384
193
326
129
408
151
89
384
445
165
122
328
357
484
482
432
39
309
366
362
87
91
420
449
453
423
36
305
304
78
242
252
393
7
464
171
126
79
482
236
287
216
220
110
173
95
31
35
15
37
392
378
256
264
29
357
223
460
334
147
318
385
396
100
275
271
127
135
198
491
358
31
88
283
43
379
264
466
353
102
167
65
41
484
141
469
115
489
27
211
253
258
100
286
498
181
290
489
137
92
366
274
34
220
362
99
198
265
277
237
389
414
310
318
348
364
210
474
86
169
35
308
499
110
129
294
248
407
201
499
272
108
49
100
21
322
51
24
272
63
284
4
425
115
170
144
344
132
122
139
194
409
96
211
108
480
367
336
351
277
21
144
347
31
50
193
478
50
295
121
140
432
312
222
292
427
151
83
409
193
451
86
75
479
195
493
288
160
259
440
268
58
98
100
91
380
112
139
135
8
88
291
154
283
45
57
24
428
240
121
465
39
321
321
84
217
71
438
193
460
367
188
87
312
382
162
233
401
392
399
29
230
152
41
272
15
229
391
152
245
214
473
430
13
79
321
206
386
139
167
433
346
128
389
487
431
300
436
89
231
356
420
440
49
202
313
250
256
499
268
176
314
175
291
43
459
110
31
32
10
90
27
279
157
241
236
293
11
309
500
140
448
327
178
126
299
147
407
96
420
168
461
446
58
426
457
418
393
206
376
334
52
282
274
94
181
157
433
422
495
300
214
117
487
422
38
49
105
193
495
316
497
415
36
224
124
164
309
481
290
69
148
408
25
58
21
455
60
1
91
370
141
184
252
309
470
422
342
372
484
421
3
398
204
219
247
125
28
14
392
141
121
363
408
62
207
353
222
28
87
45
43
128
39
323
28
381
119
31
280
189
330
211
28
372
348
415
181
24
381
378
195
330
43
419
290
90
39
490
189
338
42
377
458
369
432
170
344
407
344
60
266
314
401
425
162
332
276
11
495
326
269
374
408
291
64
460
299
408
149
5
123
79
434
129
369
311
290
210
187
461
435
483
349
254
238
166
343
312
80
115
395
447
443
360
372
225
357
264
255
167
