5000
1576
4250
281
2094
4619
3070
2484
2563
4702
1718
181
3838
3407
2413
697
782
3545
4867
631
1889
598
1869
2612
958
4506
2165
2637
3559
2257
3314
4224
4247
88
4413
3589
3778
1263
3122
3544
1791
3205
4710
4101
2430
930
3010
3186
488
1705
4545
1527
3973
2352
3419
546
841
3995
1548
3457
3949
1973
232
2478
4011
2709
3483
1449
3979
2862
285
4164
1439
3780
554
953
850
4294
1116
4914
2222
4497
3182
4276
68
2472
3274
3549
3453
1604
1520
3477
4801
3018
211
1486
4662
4725
2892
4630
2579
273
1069
3136
2807
2489
1811
4252
3247
4648
3942
737
1598
3288
279
1329
4757
2407
3444
2517
2692
4512
2962
4179
149
1828
352
3596
4059
4402
2657
207
1016
4397
4980
1754
1443
2239
4798
2568
1345
4109
3588
2886
1462
1070
1609
1596
305
4441
2610
2046
4670
1883
4121
4710
946
947
4216
4627
1830
3462
2617
3895
1687
960
4060
3665
2977
1789
485
851
533
4937
3072
1495
2076
1887
4683
424
1244
3928
4498
1502
4147
3136
3643
2912
3981
2893
776
1614
4541
2579
4842
1054
1243
26
3220
2165
3299
375
11
1104
4341
1055
496
1329
77
4951
3512
2668
3590
4809
997
4154
3893
1895
1718
818
119
3751
2291
4875
2244
551
1164
2760
1599
3197
3874
3958
3697
924
428
1744
1436
2789
2306
2154
95
1062
3593
4285
3212
4854
4382
2829
1444
1338
845
2807
844
3197
2597
1932
586
3914
4940
2839
4058
2830
2513
2393
433
3877
499
2869
4920
130
1974
3772
2327
1017
1263
1253
2594
3773
4261
488
3443
4894
2848
2032
1893
422
1614
1202
2427
220
2590
3083
39
1668
3359
1390
2319
4598
3589
2574
4479
2690
2777
3936
4397
4784
161
4738
4858
3758
3303
1229
1114
1294
4253
701
2076
1491
4527
4403
3398
1779
125
212
623
1420
4499
2588
2310
1406
2132
1794
4729
3945
4054
2461
702
376
2474
3910
4656
2558
2607
780
2637
2782
2983
1683
4950
2182
3679
2947
2409
1436
2523
3221
480
4386
3784
2917
4809
233
2754
1391
572
3693
1627
503
4079
3428
1517
2388
3968
1191
2448
560
2420
4191
3428
487
3036
1915
151
25
2618
1612
4253
1432
4006
2937
4748
2258
889
3039
171
818
2648
4046
874
3401
4624
1950
1745
4200
2126
2736
2679
2329
657
861
3166
176
2539
456
4252
3193
2340
1491
1480
4825
1611
509
2354
769
4150
2431
647
2918
2500
4811
3190
2075
4656
195
168
4548
2274
2642
1888
2168
4879
3701
4
3101
596
2231
1012
4587
4138
3985
1601
4635
2113
3845
4870
4349
1844
3098
745
644
3178
4277
3997
3423
1585
3808
4783
1629
2814
531
2831
2427
4069
2234
3391
2936
3450
1889
788
4282
1903
4753
3265
547
2565
638
3630
4421
3941
632
1402
2977
2279
2866
2546
2742
4638
2283
2449
3250
1394
49
2375
1386
4349
3694
4956
4302
3688
192
4448
940
1114
4376
2215
3858
1479
4627
529
1622
2801
1814
2734
1295
4223
4560
1388
55
3726
2984
739
3735
922
4019
1535
3596
708
438
4192
735
4160
726
1792
1783
3280
1497
2262
1856
4494
994
4506
2636
102
3743
3300
4882
57
3817
1458
934
227
600
4664
4872
4546
2303
783
4122
4197
1123
3676
3726
962
3127
4144
3243
3126
4116
2003
154
3845
408
2279
3620
2772
1799
183
2643
4123
3322
3012
2999
2620
3924
4977
4436
3854
3027
3588
757
2794
2153
2488
3575
4633
4417
4401
2888
2683
3358
2854
1148
4868
4218
455
1794
3876
2207
3885
4799
2830
13
2517
1576
4781
351
4844
2221
2234
2690
4795
2422
1973
512
3417
2075
825
2614
2794
3220
2361
4995
1726
4731
4776
3535
275
2100
2521
1488
4783
3424
3847
4157
2349
3407
4917
1606
3520
4422
2552
1503
298
533
1319
3477
4108
75
1832
4647
2050
4787
1967
39
1886
4729
4989
4569
2628
1582
659
935
4065
1434
1215
4064
4143
954
625
2108
4483
1275
3454
1512
2742
464
4992
59
4723
3047
374
3817
3253
1174
3371
380
3450
1405
1936
4364
4516
1991
1534
3315
4628
3129
35
3426
1824
3663
3827
160
4471
1961
421
1482
3919
1304
3662
2804
4115
1532
2973
2344
702
2888
4988
4597
2492
1288
2926
842
4268
1962
876
782
3815
3522
3344
1260
4903
4045
1401
3320
798
2672
2315
3366
3890
1480
2595
4779
3700
1885
2968
4219
2887
1667
4086
1938
125
4167
4302
3673
149
3609
841
4260
2643
2367
421
221
2545
4541
1120
4630
4578
3125
1561
2151
4180
386
3140
3456
3322
3423
1576
2782
1685
2086
3624
3791
4861
3946
4336
3262
1110
2929
936
3598
685
3493
1121
570
627
1919
2525
4987
1443
2860
2885
686
3444
868
376
2845
145
2477
2763
2028
3793
1640
3023
4055
3739
4036
4500
570
2541
724
2874
391
925
3407
3988
661
4560
1682
4198
186
4716
3946
263
2119
1029
444
1029
1393
4976
4292
1655
752
3509
2434
68
1250
994
1944
4805
1229
3738
2416
1988
1583
4915
214
1920
4938
1616
773
4881
2995
4974
3892
2931
3153
2667
230
1858
1200
4650
4205
502
3901
798
3979
902
305
484
4923
476
3547
808
1005
1061
3768
530
2654
1215
1924
4474
1821
3266
245
4680
3102
2140
2891
3635
4556
951
3773
4570
2430
2835
4734
3008
4135
2338
2241
2596
1002
77
3097
856
2406
1467
224
1999
2069
855
915
1868
4924
884
4196
1927
2457
2835
2586
1768
1418
4487
1310
4600
3460
2116
2408
3796
4280
4207
422
4505
3378
3438
3561
422
1625
2911
4432
220
2550
2892
1710
2832
2143
2474
1617
2727
93
3787
4782
3701
1262
1061
3021
515
4163
3184
3766
3437
1442
551
122
657
2891
945
1034
1477
1663
3545
1294
694
2150
4596
3805
2640
2186
3341
2915
1644
4079
4503
2179
3659
4642
4535
777
4934
4890
1637
4354
151
2716
4676
4644
3236
1142
3157
336
3867
4108
961
622
4130
4984
4000
2871
2326
154
3019
3977
3259
2329
262
978
833
3282
3264
1747
2261
1550
267
3734
2386
1294
3030
1289
3513
949
3211
4450
1082
71
510
3323
751
69
1861
929
1854
1291
4391
1862
2749
1559
1212
3861
3204
389
4453
3085
1259
3510
4198
3412
3391
4791
2279
843
4030
3199
1504
197
4510
2061
1451
1361
4585
2252
3118
751
2630
2869
642
603
4241
1529
352
2869
270
101
3284
1217
2313
3131
3048
1781
4709
513
3170
3752
3548
2976
4361
1208
3208
3142
2285
2061
1511
2660
3247
3125
2482
135
4197
4227
569
2478
1773
403
1144
1951
2597
4803
1201
3075
1069
2089
4682
743
4538
2191
2806
3209
2592
2963
2173
849
2397
3359
4936
1072
1481
1464
1923
1852
851
2262
2762
1826
399
3930
1119
4143
52
2628
1057
264
52
57
1710
382
3002
3426
3140
4958
1417
3937
2730
2284
2548
2308
994
4856
1133
4717
1360
4553
4296
1287
1259
4753
2839
3041
890
642
4995
3641
402
1064
2494
4953
3973
4189
2378
983
2361
4024
1048
3078
995
4308
3955
2246
1786
4812
1446
4060
357
2575
3536
3537
3056
3283
3553
3700
3918
2429
1367
1937
2845
421
4919
2247
4325
3667
1838
3653
1189
1503
2773
4124
2279
2196
1560
4732
4671
983
1202
3309
3168
2923
4172
102
575
3130
180
3320
4141
3066
2949
3870
562
697
2124
1185
4362
1683
1150
1119
3145
3366
1988
500
929
2724
561
1256
362
1222
4963
1259
230
3183
1829
1116
2225
1694
374
1072
2521
2155
3877
2831
980
218
3207
3673
1717
2073
770
4790
3468
2456
1636
538
2218
3675
3644
2094
138
1574
4124
2645
3647
116
960
3236
3929
4993
830
1316
553
1596
1921
4969
3750
1518
23
3754
7
1203
1732
4826
641
4517
1834
4370
1618
4381
2659
4158
4207
4086
1443
4936
4288
4365
3851
4536
380
3458
1738
4631
1067
3284
3907
3334
167
4302
2778
2656
812
4206
2670
3137
87
2735
3041
1982
1126
4228
4410
150
4537
253
1484
1805
1461
3455
3901
4329
2709
2017
4527
2313
149
1811
2022
3401
4082
1577
418
4074
2200
4591
536
297
121
2931
2273
4064
2544
232
527
1051
4610
1117
3775
3194
1057
4474
1393
2003
4673
969
2314
766
1454
2849
327
471
566
2027
777
3075
1590
2093
3802
3412
4574
1830
589
4771
4423
3008
1887
4803
1347
4192
1878
4418
3966
1485
4639
3419
2977
397
4498
1713
2728
3144
961
4147
1863
2843
4861
1008
1677
1196
3916
199
4278
989
4373
4225
2069
4093
4315
2656
3187
432
2889
2549
4510
1939
646
4788
2648
1138
2109
4946
2429
1532
210
4763
3453
1933
3834
1323
687
502
4763
3265
3366
755
1350
2178
2733
4723
103
4350
3397
3879
1663
745
4567
2402
3371
4969
4245
2330
1454
1548
4333
4620
2753
1124
3494
4746
4814
2236
705
925
2578
2534
2390
969
1950
3694
1993
616
3036
3231
1482
4391
1650
605
3042
3610
1906
3974
2642
186
1313
2714
1468
1611
2625
894
1636
2834
1745
4459
2282
916
3870
1691
1676
1379
818
3282
4149
3976
807
4531
1356
3401
1227
2482
269
3410
3976
3019
4952
4874
4537
3269
3034
3389
1263
832
433
4332
4988
782
4393
1944
399
493
1174
731
3577
3424
1848
2602
965
3501
3371
4367
1970
344
3960
465
4702
1211
1199
4712
2429
4264
2937
3028
2605
4256
2662
1170
224
3091
680
3394
3271
3374
1630
2786
4593
706
1671
4352
4931
2126
46
3865
4808
1540
402
3981
3044
993
4890
3563
1245
616
4027
2161
2222
4133
3177
2774
2273
1563
3348
2711
4852
2397
4207
3805
1526
240
147
2960
1039
2224
1020
3999
1154
4931
2638
3425
1912
3772
2871
3178
1814
2898
2423
4131
1638
2625
2448
1167
3217
3604
2218
722
2503
4216
1770
10
1218
4216
4111
1822
1766
2884
2105
3078
2691
3153
3903
383
2128
3885
78
4146
930
2575
4826
1802
3463
2016
3442
3744
1963
2325
3309
3747
1330
1714
3706
2621
3960
2215
3857
3799
4549
4712
516
1842
1894
1401
3359
2359
1251
3516
2048
4859
1642
2903
3970
4528
2223
582
4081
3124
3115
4684
2250
2390
2903
85
790
230
4031
1000
4461
3234
2978
4525
4891
329
2390
3298
3299
2586
3122
3658
2315
4076
3359
3368
960
124
4054
3310
4919
3571
4570
4248
1019
1027
1884
4879
2068
2581
4464
1489
2944
504
1247
2272
4604
974
4636
2593
583
2489
4973
2549
3348
1925
4323
3179
2288
2181
3194
2899
2044
1448
4088
3949
2228
4328
1342
3712
2207
145
359
2910
1395
1077
3130
2977
3553
3190
669
1975
1405
1327
2210
922
3884
4848
1616
240
1756
423
3183
1038
4448
4103
1872
1534
209
2921
4371
3436
4249
1641
4825
1009
1966
2523
4629
1330
425
1814
3078
3374
4203
2389
2292
4727
4804
4742
1586
2236
2867
2191
3259
723
1950
1252
1700
1598
1517
349
990
1306
3689
51
486
3865
944
4853
1156
2076
53
169
1423
4699
466
3238
4320
846
3790
3656
1271
3619
2727
852
2590
3436
308
2186
431
4897
3072
4171
174
4737
993
1165
505
2517
2084
1513
4155
327
1250
37
4844
3075
640
210
4685
2584
2659
2599
1782
3179
551
3726
2338
2432
4595
3847
655
4579
826
2144
2165
1577
3083
283
3208
4967
451
3716
717
1152
1835
2354
3291
3657
3687
3506
3418
1949
1543
2088
1151
4729
1186
841
1390
818
512
1259
1706
4787
2594
1482
1665
3148
1046
3728
2824
1929
1712
765
4941
1378
991
1089
2576
796
1745
4991
3896
2142
3962
706
2609
3869
1339
3971
1040
404
3571
3925
765
3460
1489
4697
2509
998
2917
3517
721
551
3889
1499
3031
327
4482
3519
416
4367
1499
70
3661
314
515
3373
1153
2450
760
1834
4859
2614
4319
3711
4207
3187
4969
4621
2031
1685
739
1085
446
633
2601
479
577
2347
3053
2163
3590
1139
4539
334
3940
3148
3142
1174
4006
218
3503
1416
4116
946
3734
4893
3340
243
669
1873
3429
3411
4303
4512
3261
425
1074
3416
1632
3270
4033
1591
658
143
2489
4502
3760
3560
4937
1248
3613
764
2171
2343
1369
4396
13
4932
2262
63
4041
2592
3676
3390
4082
3336
3258
1035
998
824
1463
1382
2306
1126
1985
4261
701
2844
3938
2860
2061
1707
3761
758
3794
3875
2815
46
3646
1983
457
488
1575
148
1628
3944
3980
1818
3388
4981
4257
488
3083
3085
1764
1652
1515
1982
3318
2973
1013
2927
2743
87
523
439
3334
2336
593
3566
412
503
4527
4988
4318
2199
1352
3978
3278
3247
217
4975
506
4336
3211
4588
714
2140
2706
4143
724
4864
3761
1883
2181
3702
575
101
4923
4986
3936
2363
3439
4703
3056
2821
784
2414
3770
726
1442
3883
2742
3364
4108
1425
46
4478
2854
3752
459
1318
2185
1130
1603
3608
1564
3599
2026
4698
738
3886
1027
452
1228
845
625
2651
2531
1002
4968
2625
2891
2530
2632
1391
1130
4569
916
3434
1006
2127
4584
2298
4757
369
3225
4311
1737
2297
2215
3341
3456
3594
4297
4109
4389
2068
4607
1989
3285
3058
3257
2460
814
4394
1931
3765
4957
4592
1731
4470
3287
3025
4928
4751
4682
1078
2932
2429
4872
2833
4214
4207
484
2667
1072
3398
1409
3569
4497
3479
1576
1805
1362
2071
3239
3629
1842
2626
2302
2899
2403
317
178
376
1942
4681
2346
1021
4086
673
2310
3876
269
4341
4076
2031
2248
4148
3129
643
3696
915
2264
2367
1597
1482
855
3981
3211
1070
190
57
2987
3212
3688
4213
872
1545
901
2178
275
2159
2369
1575
1269
1388
2536
3782
208
2742
3200
243
3492
2446
384
3498
3467
1189
3199
2015
378
4959
993
826
3833
375
3427
4075
1283
980
1506
696
172
2495
1593
2476
3893
4887
2648
238
3921
522
4867
4185
1684
2396
2451
4489
2300
2695
4718
4970
1731
1905
1548
205
4161
2579
1816
837
1063
2422
2647
1684
1575
4448
4793
375
4209
4059
63
3088
663
315
3068
114
2312
2568
2270
3853
4969
2968
4966
427
577
2799
4916
76
419
349
444
3510
3822
3236
4479
182
2260
831
4373
171
3972
3990
1410
3120
670
967
483
321
3929
3269
4310
4715
3593
3326
4782
195
3047
3640
459
2377
1118
2153
1235
1839
2280
1895
4611
3081
1978
829
2602
2865
3264
1853
3869
1665
1473
961
3131
4742
1176
2368
4202
3582
4294
4537
495
235
2518
2527
4273
834
340
2097
1132
57
2006
378
1965
3827
4221
4467
3595
3310
1697
1440
2299
1017
920
3500
1866
791
4990
4763
3743
4558
2494
4394
4874
645
4531
1206
4458
2363
353
4598
3550
2880
1491
3751
4034
4938
4641
2021
2473
726
611
456
372
4264
4556
2204
718
4599
1449
2245
4222
3200
2497
2695
3385
91
4335
664
3268
495
2566
1282
2491
448
4169
66
3299
4832
1113
2866
3048
4595
4853
2292
4593
3761
483
4045
4603
245
3493
1068
4163
3449
4305
645
4928
4862
2296
859
2584
3403
3762
1808
3092
3910
3647
3982
4013
4081
1965
3747
3877
4497
3350
914
3160
1651
4361
3649
1919
2363
934
1773
1656
4970
4787
1053
1671
1694
2273
1024
496
967
183
3774
2549
1884
2403
349
1270
2070
4749
1910
2071
4150
3078
2182
357
4449
3818
4494
3478
3599
2505
3754
4078
929
4905
4137
3797
224
3624
1818
1971
4846
4340
1984
2804
1055
4549
1859
4934
2327
49
791
3109
3285
1060
3268
3501
1181
1831
295
551
4338
90
472
2827
1112
528
3021
3351
2937
1592
1524
1391
1057
1104
265
564
1461
3148
565
4413
2494
2028
2777
774
1009
3990
42
1922
1375
4939
2104
2295
1528
757
1696
2808
886
1595
4764
4092
1770
2866
622
2654
3268
4260
4508
4091
552
1185
4559
3288
249
4750
3838
2329
3881
476
4511
1652
3545
3457
1769
1541
3153
208
4522
674
2456
3758
3015
2831
2229
1791
3456
2680
2424
3509
2925
3832
360
2942
469
3190
2784
2964
567
4924
1302
4802
4018
4016
4276
789
3489
4962
1896
3609
2951
4424
3498
232
2823
1339
1773
233
2940
2459
966
3034
1001
2538
4275
1299
4594
650
3317
4016
4874
4184
4876
2113
523
1441
2406
3540
2749
3539
545
3268
830
2170
4947
1912
37
511
2661
2342
1175
3471
1796
2905
4004
2288
4209
792
3670
3974
2695
1147
3772
4038
2279
2084
524
1077
740
804
2665
476
837
4442
278
2534
2769
1998
2515
3229
261
4476
4285
1982
715
1179
3843
2932
18
3548
2743
4610
1594
4886
3781
2197
2895
4344
2682
2921
4805
3419
4663
170
4460
2238
4682
3948
1177
4565
586
4404
1919
37
3498
2601
3617
460
3838
1681
2853
1385
1922
4301
1529
3874
1537
3394
1012
2036
2289
1510
1441
2395
292
3090
879
1218
555
2444
4834
1126
2722
4370
188
2178
3939
1598
4436
496
4011
3279
682
3432
3703
4447
368
3359
518
570
3072
2911
4195
2892
1716
3906
2891
2490
2425
2288
3640
4124
2072
34
4348
3363
431
2179
2029
1832
2856
2939
3526
1054
3606
332
1457
489
890
4737
1788
6
2488
833
1815
3633
2908
1865
2998
3983
1860
754
807
2296
4476
2269
676
1126
4310
4511
2790
2796
2016
1385
4766
0
3955
1674
2324
3842
3076
803
3828
161
450
593
4593
95
997
1285
3630
3458
2303
490
4597
3866
4767
2426
407
3533
3830
1467
4676
3031
960
3152
389
1504
4664
692
3623
22
2513
875
2558
984
2370
4309
3071
531
291
1598
2439
1256
3452
451
1693
62
2917
4915
1477
2306
520
588
3951
3833
2861
4476
3900
2120
561
2691
4431
4009
4044
4759
879
1166
4527
1129
1661
3196
1596
686
2456
3684
491
2635
561
1752
4890
3410
3884
2935
3973
1308
3049
349
3409
2777
3189
2316
899
4146
3327
4754
4663
3443
4509
2397
3319
3127
3253
3467
4889
3515
4465
2206
1677
4346
2602
2565
4515
1351
3023
1882
3564
1684
1607
4710
4888
1588
3780
4763
1836
3564
177
2763
2007
596
3516
1218
819
4473
2282
799
1659
727
4830
1510
4368
1564
4063
2033
3085
1382
15
372
3106
2401
3431
4186
4736
2213
4286
1413
2020
4636
4097
2269
1322
3500
2442
510
1819
2641
3883
1977
210
4897
1056
2292
74
2296
2593
1112
478
3202
4592
1032
539
3231
1051
2657
899
2959
3423
459
2372
728
4695
956
3027
1305
3070
1711
1005
3596
4542
2324
4867
193
4831
4684
1850
3400
1058
2300
1702
2651
4863
2557
896
2871
1297
484
1675
2472
4681
1746
2429
1663
586
4360
1465
3076
1120
2769
1618
182
2742
1273
3148
1255
1185
4197
2567
3158
2617
690
395
1503
1614
4168
3200
4284
1511
4993
1992
3366
4474
3583
3186
1071
2384
531
1544
512
3727
3019
4666
1447
683
2423
2607
4370
915
4842
3668
2662
2214
4203
381
425
2617
3952
1057
2739
587
4437
2590
2149
4064
3439
4977
1042
1086
2013
3845
472
418
3444
1487
506
3274
2173
1401
3519
1822
3910
4041
3798
4757
2375
2309
1890
184
4194
4822
2750
4145
4016
4521
715
1158
1477
4546
4632
3153
19
1521
569
1405
1412
768
3003
1342
4393
475
3079
2871
2495
2334
183
4702
945
3683
1596
3841
1012
3973
1180
4162
3513
28
1007
1023
3055
993
4557
4871
2113
3721
1918
4795
204
1960
1737
927
3319
2524
2243
3620
1484
1091
145
4619
3461
3647
1028
4706
1417
4957
2729
1571
1981
620
1995
3809
4066
3194
3153
1118
3957
2322
2266
1110
3687
2721
447
4086
2060
2572
1087
4696
2867
768
2637
1355
1313
2261
4706
4902
4574
1200
3104
4424
2100
3453
1784
4867
580
1925
1644
3007
3453
951
507
1320
4598
3271
2919
1957
4338
757
741
2440
1947
4382
2910
745
2752
3419
438
3766
1351
2316
3047
1031
1587
1108
3558
1272
4813
346
2198
4146
2786
1978
1570
4878
4246
2317
4289
3582
306
4357
3593
617
3335
4493
3759
348
4206
1848
3512
3666
4597
2509
1582
897
4698
2731
890
580
3093
4187
3882
2737
2833
3844
1510
3982
1841
4971
1663
3082
606
1672
2597
1044
3180
3374
1936
4545
518
2977
820
3374
4556
1224
2056
2987
4595
840
2663
1551
2450
276
3003
1534
913
946
1874
3195
2270
4951
2952
734
1022
2878
3751
3905
621
3218
3280
2661
3670
4604
125
2999
865
631
3503
1788
3860
2983
3099
2436
389
213
3031
2019
1247
464
3848
1881
366
2929
1194
1976
2333
355
4960
2746
2759
1565
1743
4877
2014
1430
698
3002
35
2379
3708
637
2481
3723
648
4812
2866
4666
3232
3814
2213
4020
906
1927
158
2296
2535
4966
3802
2170
705
772
3073
495
265
735
4032
4449
693
2057
1798
1100
639
4094
3563
2141
2415
2587
2724
4668
2214
4076
4049
451
909
652
4500
4891
1210
229
4158
1986
3182
4793
3374
3000
2922
2388
1919
4715
917
182
1011
4137
4053
4449
1081
4004
824
374
665
2881
1719
2886
2905
442
860
2048
446
1508
4708
1238
538
4415
3049
4018
1490
1243
3408
13
3158
1299
3366
1479
4126
3017
1233
4573
4269
4015
4303
603
838
4894
3029
4392
17
1077
2287
498
2645
3828
1285
4778
2120
615
3943
2612
611
1918
2169
1638
4555
1598
407
191
2385
1155
3666
4557
223
3068
285
4896
3945
3111
2102
462
282
1409
3953
969
3310
4250
3926
4454
4430
3983
2025
4047
3527
2405
1058
2419
3167
1993
2199
1798
1538
1770
2086
2743
1118
3393
967
384
4639
11
4607
520
1699
2702
521
3537
556
1379
3091
4503
4186
1857
3107
3789
3954
2481
790
608
3496
1732
2037
1240
4393
845
3216
2072
3959
895
1460
3002
2964
4335
1207
2702
1184
1883
2379
3625
1790
1489
4395
881
4740
372
2522
4207
4691
2179
4059
1884
3527
2405
2666
1175
1478
4972
1070
1250
692
4285
275
3334
2713
3912
1655
2723
4294
852
1482
4716
3171
4086
4729
3440
518
3793
622
4002
3976
3674
3730
2231
4325
4967
2024
2799
3717
1850
2582
1228
2744
1074
2977
297
92
3810
989
1444
4792
205
228
161
994
3464
3645
4677
970
4711
1450
3587
3331
1266
949
370
2705
1591
4967
1266
4382
768
156
1413
4798
4845
2050
434
4990
1040
3777
1233
4648
3372
2889
943
757
891
3964
3317
1130
2540
4320
4311
3941
2680
4848
2968
181
4227
2136
3676
4255
3370
73
3996
1471
230
626
361
1787
407
3609
4859
3555
1698
1661
2190
2723
2778
3476
3374
3647
577
859
578
1476
4219
2152
511
324
1875
133
2843
2166
140
3936
1051
3584
2310
4455
3738
4379
2281
2492
2491
1495
3852
3682
222
2871
2607
785
1926
3610
4851
1160
734
634
1477
4591
272
3582
3053
1988
1693
2639
3055
3322
4345
4607
3970
2640
2157
2946
736
4733
1569
59
733
365
2595
2218
4537
3783
4580
1705
330
2664
1264
1514
1621
2298
2572
4748
2736
3504
4961
3066
4613
2060
615
3734
3521
4352
2079
3495
2093
2673
2419
380
3194
4658
3663
853
1950
3519
495
4836
3175
2394
2471
368
38
446
4469
4424
4066
4893
1170
2310
1924
193
2268
3632
3762
1237
1438
2532
356
4964
2991
71
4498
2902
3142
2194
2326
3676
870
3872
3812
1169
1285
4908
2029
1870
4969
3119
1484
4479
1509
4948
2196
983
851
2942
3925
2332
4260
1466
1512
2878
4698
1445
3632
379
2915
1200
2412
3924
365
66
2240
4211
2493
835
52
4440
1389
114
1341
1504
3202
3445
3606
1806
163
1173
3909
3498
2989
1564
2031
1786
4235
1862
4558
2229
639
1283
4704
1235
4787
1645
2559
4154
1684
658
1697
3254
3008
724
1223
1769
1743
2605
4938
2413
2153
219
557
2482
1546
2780
3171
4239
3105
4518
883
4989
1597
177
2711
2720
103
4822
3183
4259
3986
2619
239
706
4422
2219
4043
3554
3726
670
957
4794
4734
2159
3590
3847
4146
1287
3294
3116
3140
1791
3847
1986
485
2553
2530
648
4670
2367
2912
3277
2134
2242
1260
1370
1103
4253
506
1375
3184
1669
4260
654
1290
4015
1632
3001
1782
3923
651
3338
1572
546
4874
1991
606
2777
3960
1377
3543
3802
4536
1701
2299
3588
3717
2394
2396
4469
915
3850
2783
112
3611
3730
3968
1175
187
2042
2209
574
2574
1359
1774
756
1109
2129
2656
178
635
2898
1007
4752
59
1520
423
3191
3346
2605
921
2516
3837
904
2320
4210
1821
1563
592
4643
1648
2330
2481
439
4445
2030
2793
1515
4765
3716
1664
2513
52
183
3672
3699
3474
2798
459
3293
434
1360
1384
1528
1800
182
4374
4997
3239
1698
1916
3458
1503
4725
2797
1548
1943
1376
4112
706
1955
3045
1604
838
2267
3065
1340
2886
4029
3757
4749
1570
2978
1454
1135
4539
4211
1953
3868
1620
363
3196
2899
1045
3095
3412
2057
1883
4604
3197
2351
1290
695
2457
2036
199
1952
2154
3129
1953
2401
1904
2046
2528
3944
1424
888
646
1955
921
121
3281
2025
175
2373
122
3915
106
902
2238
2304
130
3118
2443
2711
2888
476
2925
4820
90
1350
4639
3131
4027
1086
3017
4943
4207
2274
2733
3026
1547
2822
55
4825
356
569
2291
2490
1511
1136
4473
348
3878
2157
1124
508
4759
1378
3918
4429
4318
978
3204
1126
2636
348
1792
2143
948
3522
1784
270
4504
1240
377
4714
190
4668
4328
2475
4349
1356
4661
4016
4479
3604
3496
3595
4996
2023
4647
4459
3143
3077
4733
4787
3994
2941
1577
2833
4653
2065
3535
498
111
841
3152
3357
1181
4507
4501
3869
3734
2520
4252
4412
6
3981
2197
3944
3496
2396
4151
945
2647
3036
4399
4039
4465
3026
1788
4977
4735
1369
2143
3417
1732
89
4249
3018
3566
3272
4814
4995
4891
2014
3071
3021
4811
667
4565
444
391
1460
1869
2780
2649
70
4083
4143
4620
1259
4098
3190
1411
2399
4225
4644
3849
4230
677
2844
750
3673
1759
751
2014
4952
3057
3665
2081
3826
3667
3099
37
564
107
2853
4274
1518
4898
3647
2867
4484
948
1532
4484
4731
2647
4651
862
18
4141
4014
2722
3767
2232
2399
4715
910
3401
4772
1903
3138
4515
779
2326
1364
4529
1688
3446
351
3463
487
4452
2060
467
1252
4234
1034
2962
3390
2536
4385
2269
1703
3606
3604
4055
2511
3564
2484
326
4394
2024
2237
4614
2552
2681
3097
4267
4103
1064
4782
218
4868
1937
1885
4579
4103
4002
4420
1120
1189
1247
2512
3136
3203
565
2708
4039
1034
502
457
1672
4765
2676
2188
3171
2645
131
3262
3122
1747
2927
3352
1488
3750
1473
2278
2845
1445
733
1779
2730
2624
549
3667
4311
145
3720
1859
2938
3465
1406
794
2704
1566
4019
3847
4974
3468
2887
1125
48
2565
4378
3328
3922
2551
2416
1601
2555
1212
1352
3810
1647
1317
2834
2973
1722
1546
4352
2568
235
1665
121
4777
4796
3824
2644
1134
1489
2027
1644
3455
281
709
127
3036
3872
4560
1213
1466
304
3721
4814
2977
1969
2713
1012
2540
2729
521
1839
2466
4292
598
1521
1717
4916
2418
14
2088
4602
72
1932
4254
7
1094
1096
896
1866
260
3288
2678
3294
745
1941
2062
1395
3118
402
1168
2460
1066
4986
3723
3090
4323
1035
3300
344
3039
4128
1931
4940
346
1468
4781
2860
167
1413
3488
1582
1336
3774
518
178
751
4750
4040
2154
3669
1233
694
1996
1221
3681
861
2291
4768
1676
2441
4549
3938
4632
2047
2846
4699
2738
2574
1814
4019
3979
4878
3163
1437
4301
1587
2810
1619
504
3296
2517
3276
1707
4473
248
3582
1822
1173
756
3236
4482
2170
1753
1935
4300
1323
33
4751
2461
4985
4103
1539
3546
4575
2216
3999
2528
3539
4828
3335
1024
212
2077
3022
2444
1646
4623
1434
4051
2321
2689
124
4509
2162
3859
4758
2781
1106
3973
1035
2117
3680
1186
1087
4811
4525
3496
1408
4255
4345
379
552
1308
3880
1428
4873
362
88
3009
4951
2975
3992
2171
1510
1770
3772
4449
2476
1700
1753
3642
1966
4173
1694
1662
1792
1156
4995
2220
4695
4031
637
2391
461
767
1305
1786
2688
3878
1738
3456
3350
3685
2497
2789
2099
2718
1869
4799
3233
1270
2390
3856
2052
1242
4509
414
3023
3402
4245
3535
1089
1410
2952
136
2811
1833
587
2834
1364
331
4229
169
583
1051
2215
1262
2751
4814
4493
3931
3163
3264
3866
3585
1468
2973
3335
1123
1543
4215
3530
4202
1341
4599
3440
2616
4136
2706
2386
3216
2854
4637
338
2535
4373
4302
2193
3372
1992
4259
1173
1000
4839
488
4059
2517
2239
17
3950
2650
645
2090
883
3613
1108
839
2769
1148
669
516
431
2308
4205
3647
3741
2418
2910
3632
1536
3965
4052
303
4082
3261
2874
4146
294
2363
2220
2266
2749
1142
3243
670
1503
1266
1237
3098
3054
2020
32
250
1507
3534
4774
1401
193
3375
4160
1032
3845
4608
3602
1178
