500
500
499
499
499
498
497
495
495
495
493
491
490
489
489
487
487
484
484
484
483
482
482
481
480
479
478
474
473
471
470
469
466
465
464
461
461
460
460
460
459
458
457
455
453
451
449
448
447
446
445
443
440
440
438
436
435
434
433
433
432
432
432
431
430
428
427
426
425
425
423
422
422
422
421
420
420
420
419
418
415
415
414
409
409
408
408
408
408
408
407
407
407
401
401
400
399
398
396
395
393
393
393
392
392
392
391
389
389
387
386
385
384
384
382
381
381
380
379
378
378
377
376
374
372
372
372
370
369
369
367
367
366
366
364
363
362
362
360
358
357
357
357
356
353
353
351
349
348
348
347
346
344
344
344
343
342
338
337
336
334
334
332
330
330
328
327
327
326
326
323
322
321
321
321
318
318
316
314
314
313
312
312
312
311
310
309
309
309
309
308
305
304
303
301
300
300
299
299
295
294
293
292
291
291
291
290
290
290
290
288
287
286
284
283
283
282
280
279
277
277
276
275
275
274
274
274
272
272
272
271
270
269
268
268
266
265
264
264
264
259
258
256
256
255
254
253
252
252
250
249
248
247
245
242
241
240
238
237
236
236
233
231
230
229
225
224
223
222
222
220
220
219
217
216
214
214
211
211
211
210
210
207
206
206
204
202
201
198
198
195
195
194
193
193
193
193
193
189
189
188
187
185
184
181
181
181
178
176
175
173
171
171
170
170
169
168
167
167
167
166
165
164
162
162
160
157
157
154
154
154
152
152
151
151
150
149
148
147
147
144
144
141
141
141
140
140
139
139
139
139
137
135
135
132
129
129
129
128
128
127
126
126
125
124
123
122
122
121
121
121
119
117
115
115
115
115
112
110
110
110
108
108
105
102
100
100
100
100
99
98
96
96
95
94
92
91
91
91
90
90
89
89
88
88
87
87
87
86
86
84
83
80
79
79
79
78
77
75
71
71
69
67
65
64
63
62
60
60
58
58
58
57
56
53
52
51
50
50
49
49
49
45
45
43
43
43
43
42
41
41
39
39
39
39
38
37
37
36
36
35
35
34
32
31
31
31
31
31
29
29
28
28
28
28
27
27
25
25
24
24
24
22
22
21
21
21
15
15
14
13
11
11
10
8
7
5
4
3
3
1

